3393119 1516345725818 1516349118937 6fae924a92e02f9066a8f15e40204fa811b0eea4 100.0
2778696 1516345727635 1516348506331 64c96009f7e59cc4108dae83dd4a522533258f22 100.0
3021950 1516345728966 1516348750916 af41bf92cedf165b0a4675a3f0463199db91004a 100.0
2703181 1516345730341 1516348433522 f018350ef5b3b5bd8368d7b9c4a476d99fb219fb 100.0
2807046 1516345733209 1516348540255 eed0740ab70a323dddd0897b17bbc215248b058e 100.0
2749507 1516345736142 1516348485649 95fc4efbf48aff421c6ee397033a089387cd1197 100.0
3474140 1516345736235 1516349210375 aaef3538fccf1fc4ad085bb06f37876062355d9e 100.0
2700024 1516345737613 1516348437637 73440a492d2328b5f2373cdb6089680cb1a19399 100.0
2706055 1516345738649 1516348444704 522c83e32b16e11e48b62734531b52dcadb18811 100.0
2706051 1516345738653 1516348444704 522c83e32b16e11e48b62734531b52dcadb18811 100.0
2719120 1516345739266 1516348458386 19dc55666b3d6cde3413b10510e92b12c82d3622 100.0
2719118 1516345739268 1516348458386 19dc55666b3d6cde3413b10510e92b12c82d3622 100.0
2702490 1516345739824 1516348442314 7bd4395a55b3cdadad4d722495fb162b0350ebea 100.0
2798335 1516345741663 1516348539998 e89df342dc675a9b22c32444c0a266da5945ce52 100.0
2795896 1516345744706 1516348540602 cd8f4a5453316c6178e5fcbb0d44930615f12650 100.0
2703060 1516345746321 1516348449381 a3a60abc72947ca97a2e55e4f577a9615c98a057 100.0
3562239 1516345746787 1516349309026 c29a014614cf01c015e3ffa222f12e17f403beb4 100.0
2700851 1516345748454 1516348449305 1306c4f60e1aac947646ceffd729620adea389a5 100.0
3167256 1516345748540 1516348915796 c522e4f20b0f10dc559e66d70e92fb56ae73ec4d 100.0
2995428 1516345755433 1516348750861 f25b4d5e364df5d3c9e8dcfeaf0f8c1350dfce27 100.0
2720438 1516345756216 1516348476654 deb11497e0a5c3ebe0df576bea5f2c6ff8fdd252 100.0
2733436 1516345756240 1516348489676 1027f0850dbe7e4824f340ab31eb3ba6c80ceb1e 100.0
2705522 1516345759454 1516348464976 9e04dd081261b7ea92e692f1dfae64f8f23d0ab7 100.0
2705522 1516345759454 1516348464976 9e04dd081261b7ea92e692f1dfae64f8f23d0ab7 100.0
2729608 1516345760326 1516348489934 f306c22f426116c71c1cbb0bda2d69bbcd9415ad 100.0
2705808 1516345763745 1516348469553 c3be48df3ae039ac7666fceb1242bbb1ad1f7536 100.0
2753697 1516345764437 1516348518134 163fa419fad44cb183cbda8fd4eff90023025a4c 100.0
2712898 1516345765517 1516348478415 6209baccbc4416ec3f9a4d21caf2cb31c39f30f7 100.0
2702759 1516345767324 1516348470083 e2f1eb35953b3af76f5f6ae4517802d2f19f23d4 100.0
2720145 1516345768077 1516348488222 349e29d89b0ab11b1f28d5acd0e776d70e522be4 100.0
2720126 1516345768096 1516348488222 349e29d89b0ab11b1f28d5acd0e776d70e522be4 100.0
3070916 1516345769022 1516348839938 a27fb5dc420de520c81bebce1260a28638535888 100.0
2709365 1516345770887 1516348480252 ed66b18c5c9bd9c1a27d725840c4ba42d549ee3c 100.0
2709336 1516345770916 1516348480252 ed66b18c5c9bd9c1a27d725840c4ba42d549ee3c 100.0
2710771 1516345771579 1516348482350 ecb6be334c8dd6f45ec0d580187628dca5d4a545 100.0
2710760 1516345771590 1516348482350 ecb6be334c8dd6f45ec0d580187628dca5d4a545 100.0
2701005 1516345772197 1516348473202 b616f07aba6f5b42ce9325088c337c7d00a7f649 100.0
2702320 1516345773778 1516348476098 dfd22e9e8fc074e990abc2bf04995493b2d9f35b 100.0
3512240 1516345797889 1516349310129 903a8e85d2ad6564535716d669b81c1670914f82 100.0
3512154 1516345797975 1516349310129 903a8e85d2ad6564535716d669b81c1670914f82 100.0
3589177 1516345799101 1516349388278 e05d2020ba5b4ddf596e7e436f5814c55d7937d9 100.0
2741787 1516345799402 1516348541189 b6f1e2fafc5e843b06e04add6a2f4a5999428e3a 100.0
2718324 1516345799432 1516348517756 2a4e880cd25b6f978f086d57f8274681ffad3052 100.0
2700444 1516345799645 1516348500089 a8b505040dddd054301e021c4b27499f5aed0ff7 100.0
2700443 1516345799646 1516348500089 a8b505040dddd054301e021c4b27499f5aed0ff7 100.0
2705659 1516345801340 1516348506999 5fb622ed0960a3379ce53c99672973e1099b279f 100.0
2705652 1516345801347 1516348506999 5fb622ed0960a3379ce53c99672973e1099b279f 100.0
2822365 1516345801383 1516348623748 fdc093f5b233a377de30a4792e93e5f94de4d7c0 100.0
2734373 1516345802067 1516348536440 6f27361ee831997e063684d266a839a21eef846a 100.0
2734371 1516345802069 1516348536440 6f27361ee831997e063684d266a839a21eef846a 100.0
2742854 1516345802547 1516348545401 ac22d897d23bed39917d9fc4d6e7a67062e5f45c 100.0
3587591 1516345802988 1516349390579 41865243867fbf89b93ffe0de94cb64d51cf6fa0 100.0
2701438 1516345804346 1516348505784 a3438bf720259d1ec1e4bfd41a573788b5a42712 100.0
2713737 1516345807965 1516348521702 5c11ecfd4609338442be5621f0cc34a1f9ebc549 100.0
2732944 1516345808375 1516348541319 04461c07a0badf9059cd45b98d6dcae6c14fd37e 100.0
2732942 1516345808377 1516348541319 04461c07a0badf9059cd45b98d6dcae6c14fd37e 100.0
3030224 1516345809739 1516348839963 11d80410497ccd665233fd002a783178b8739464 100.0
2761085 1516345810422 1516348571507 3f99c1adba20aba333625dfb6de28674c943be16 100.0
3590419 1516345813013 1516349403432 6d36ff68e44163422836613fc593a6f441088749 100.0
3588907 1516345814483 1516349403390 ace181c71d01a9910afd186979aa185e36bad115 100.0
3482440 1516345814605 1516349297045 b9d90086dd59d2470f6ac8fc629161a4b43613b4 100.0
2724717 1516345819025 1516348543742 b1a7888f89fb98dad6c11c8e942179cf9f1eddee 100.0
2709136 1516345820057 1516348529193 55e9845191a6229b849962ea1761f44723016429 100.0
2724411 1516345820084 1516348544495 372ae11208fec635a94a7b328e8e3f7268235876 100.0
2731261 1516345824707 1516348555968 fca113f932e2070da1c451f5ab96b5a4cf1344da 100.0
2702755 1516345828907 1516348531662 01cf037725f50b01ac2626bfe61f8cd9c7bb6221 100.0
2714688 1516345830571 1516348545259 f19f73b09b8c1e209dfb173bc6d52c95208a39e0 100.0
2712682 1516345831517 1516348544199 704b0d7f7a47e4e15bbe6f5bd9ea14a6025885e3 100.0
2716194 1516345832899 1516348549093 1621d69f6062ca4fa3c94b9211fff0ebaf5ccfa4 100.0
2708838 1516345833072 1516348541910 6c9a2d705530ed1ac23f9253cf249fd9b2b5eb95 100.0
2708726 1516345834421 1516348543147 d3d52dfd7cb906c6031d2801cd04d24efc89a263 100.0
2706844 1516345834840 1516348541684 3ed273778a0c49635b5db2b37cd22b063582a587 100.0
2795951 1516345834949 1516348630900 ba4dd1e6c0a855b28dc5dbb6ac7329368ebd770a 100.0
2702636 1516345839661 1516348542297 f2bd0f582ecacd2d1a98d10ca938a01b19ca7eb4 100.0
2765595 1516345840197 1516348605792 16d9a0c3fc54757a1fd165917bb452de162f32b2 100.0
2713832 1516345840324 1516348554156 836524516c63ff67ca124a054537c9041a0c82ab 100.0
2749432 1516345840472 1516348589904 f7f70a5f07cc6158afc92957650d87150fc46630 100.0
2714776 1516345841657 1516348556433 ac78d23ff846e777d767b4857158de985990ba52 100.0
2813313 1516345841820 1516348655133 6d5939a80726d0ac97be30787da2ae59a168e0be 100.0
2707174 1516345841866 1516348549040 73618a7ffbe4ea0b2c9885a44d9cfbbfa813b163 100.0
2702670 1516345842151 1516348544821 e5e2682bc862a904816e2faaf6a0dd6298644ca4 100.0
2706605 1516345842989 1516348549594 45718ae88dc8cca49c0b444cd7a2a4bb0441b8c0 100.0
2840130 1516345844401 1516348684531 cabeca2cda4a983b13f9d46d90eca4b9c25aa6a0 100.0
2715342 1516345845249 1516348560591 785d9edf243376976c24f5d0e1630f70401c5efb 100.0
2730194 1516345847770 1516348577964 3aa5d578b22fa168514437656c698227b882837d 100.0
2707133 1516345848468 1516348555601 57cca687e698e0ce9a099a150cabd40b8dc0764e 100.0
2710445 1516345849621 1516348560066 e9601036f86b28ab0bb51536b3311a7e1e442b44 100.0
2729359 1516345851067 1516348580426 a2a0aa3fb2d59c5f33c8df3bfd906d6eb4698bec 100.0
2703453 1516345861985 1516348565438 7c3f58d618238013be2c171312d822f4c8399cde 100.0
2740705 1516345862235 1516348602940 73b2771035063b8404cbb64224895c28f568cc4c 100.0
2771637 1516345885556 1516348657193 caaa3a7f19b95d142679d9fc1c7640133f02f0df 100.0
2716940 1516345886325 1516348603265 04beb268c6543e55888cf2c8b15ff4854998e861 100.0
2716911 1516345886354 1516348603265 04beb268c6543e55888cf2c8b15ff4854998e861 100.0
2731214 1516345886386 1516348617600 6ed75e4e5a0331fc57dc31e92f9c32169c2d2410 100.0
2716859 1516345886406 1516348603265 04beb268c6543e55888cf2c8b15ff4854998e861 100.0
2767300 1516345887691 1516348654991 b88953cef3621a840818fc7d3ac87dc66bc0bb1c 100.0
2731032 1516345888120 1516348619152 084075c58971b93813079360b4d2dbcb72ad2e5d 100.0
2718481 1516345888567 1516348607048 e4f43547895517b60b192329e666490f62ffb6da 100.0
2899141 1516345890384 1516348789525 8c356f526a9fedc19d256bfde07198f967c3b75b 100.0
2724478 1516345892655 1516348617133 7d22b9134a14eede32a55f5fddde0415339b28b8 100.0
2731684 1516345893585 1516348625269 2e9111a994358c952465071bfa6147d9aa23ef48 100.0
2704478 1516345894321 1516348598799 8143934b2e2918b7dbc6e29df12396c07cd6c63d 100.0
3320973 1516345894332 1516349215305 3aefe3df51196b1da520675d01777dee4eb778d5 100.0
2894655 1516345894355 1516348789010 65399f19255c907b63f1361114e59d56926bfc89 100.0
2820347 1516345894633 1516348714980 9e732937a30c5c2a0d2a93a701b753df8060d3ff 100.0
3579107 1516345894725 1516349473832 73b2771035063b8404cbb64224895c28f568cc4c 100.0
2735329 1516345895037 1516348630366 9bf33cd84f4b2301bad1b14a93d749096821715a 100.0
2716377 1516345896303 1516348612680 76f55144d102a9c97634342450964270065b2e57 100.0
2739193 1516345896548 1516348635741 de367e7bfed08a8dd1c0cd03807e9be48e450872 100.0
2742747 1516345896919 1516348639666 49a7dc51673239846584a4d07742675ed737cdb5 100.0
2727118 1516345897626 1516348624744 10e4e77558b19de892b71839fe1acabec9a12099 100.0
2752807 1516345898095 1516348650902 d20d118a83b9caede37237f077d225a3fdb13f44 100.0
2752655 1516345898247 1516348650902 d20d118a83b9caede37237f077d225a3fdb13f44 100.0
2753482 1516345898301 1516348651783 fd9106dea454ee78d649330a6dc44067f7361867 100.0
3587943 1516345898339 1516349486282 155f231a4de39117be05d1eee70fcc31d9cd2d21 100.0
3595611 1516345899739 1516349495350 0dfc59365fd03c732de9d861a7e175d26bdabec3 100.0
2703592 1516345900522 1516348604114 505e55a8daa2a8d1efaa711ac18538cb1c24aed3 100.0
2703591 1516345900523 1516348604114 505e55a8daa2a8d1efaa711ac18538cb1c24aed3 100.0
3142639 1516345900717 1516349043356 c06e49fd7e1cfd0f8bf6a20432196ec28081f898 100.0
2715789 1516345901882 1516348617671 6141c8019d6342a68ed30c601ccf463a9383bd20 100.0
2730244 1516345902353 1516348632597 b0b907d95a659af66e70c7654e3998ffd14c09de 100.0
2702827 1516345903138 1516348605965 de3e5829df372aeaeb674f7f6b297b8273722ccf 100.0
3488260 1516345903871 1516349392131 d701e89f10732b932e08483a56fabe8c36b7fe6c 100.0
2704010 1516345904666 1516348608676 7570d3b22ce9cd7f705f95177d988f94ff8adb3f 100.0
2728556 1516345907137 1516348635693 934f9aaf2b4342f86ea90bcfbce4a8ca9fe3ae25 100.0
2753609 1516345913140 1516348666749 efdab22d00208e8821f3a7b1b850a2a01c83cd1e 100.0
2753608 1516345913141 1516348666749 efdab22d00208e8821f3a7b1b850a2a01c83cd1e 100.0
3580604 1516345915064 1516349495668 9cd4ce6501e9a54a4da9dbd0e1bf7a418281e3a1 100.0
2701449 1516345917445 1516348618894 3dbebb0293a9a0cceb2f8b6cdca25d6e1e341500 100.0
2712073 1516345917480 1516348629553 0e46a4e8fa1f324392f257f9c13a64f08bb3b8b1 100.0
3001516 1516345917633 1516348919149 19fd1679e990485df69ee39ee7849c1bf41471ba 100.0
2761335 1516345918331 1516348679666 061888baa720b219179510b2131c79592e5792d5 100.0
2749963 1516345918463 1516348668426 2e363df5edfc86c4004f1a53d903d243dbf7937b 100.0
2751431 1516345921248 1516348672679 d267cf6c606976fc171698b035588076bc6d2baa 100.0
2751429 1516345921250 1516348672679 d267cf6c606976fc171698b035588076bc6d2baa 100.0
2751484 1516345922289 1516348673773 655b956c75b9ad7ff71c632e1f67eaca4ca26600 100.0
2714434 1516345924879 1516348639313 3ca340ce1c413e06832515ac3acf2dc049462a02 100.0
2825718 1516345925187 1516348750905 d9a60f61d035d76c7f09ceecf7f308b086a01300 100.0
2721906 1516345927009 1516348648915 e8823ca455054ceb731de831f5b1f2e2f94251c9 100.0
2736746 1516345929330 1516348666076 8aafd634294eea83e9410a5f7e39d71cb3eca145 100.0
2736739 1516345929337 1516348666076 8aafd634294eea83e9410a5f7e39d71cb3eca145 100.0
3460398 1516345929616 1516349390014 8eda743ec90b848f56b96946d255934ba3d0a60c 100.0
3565807 1516345929672 1516349495479 58a0b5823e272f49628fd7d19c593d63eb0f9d08 100.0
2786886 1516345930701 1516348717587 2d0558d5ca991f5f4ab356243bb9ff9da23fb3cd 100.0
2705882 1516345931056 1516348636938 c6aac00558114f17812b6df725f18903414dccf9 100.0
2739464 1516345931145 1516348670609 b72e71acee08b9de69b229cfba5ee50558f72a32 100.0
2789767 1516345934530 1516348724297 593ad6b83a95fa6f66529ba5dda1ad3e528eed1c 100.0
2712312 1516345937905 1516348650217 c24fa74e39caa5a0b0996b1fcde00b6259e64f9f 100.0
2764389 1516345967145 1516348731534 fc8abb16c2b4309e36dbb753d2edc94ded7d5d58 100.0
2734641 1516345967732 1516348702373 27a0b90615d9eed6b3a6e6eaaa1d5b48a885bd9a 100.0
3420246 1516345968031 1516349388277 1d981d0110e46a1318512cf390a5b7a2b6da3f00 100.0
3573908 1516345968109 1516349542017 59ab6c72a0e816639041bed1238dd14df9c25327 100.0
2705021 1516345970057 1516348675078 147515ea4bda10ed03e3dc2cbef1894378ec7400 100.0
2706482 1516345971017 1516348677499 642231e0c9d06ac323083c9f4b8c39ae4d703ddf 100.0
2706480 1516345971019 1516348677499 642231e0c9d06ac323083c9f4b8c39ae4d703ddf 100.0
2708118 1516345975513 1516348683631 c2e237a7e75798f325ffeafee6e82757ada6558d 100.0
2939926 1516345975745 1516348915671 0ae24c3b4b80575cc33966fc1470434c389d8daf 100.0
2939886 1516345975785 1516348915671 0ae24c3b4b80575cc33966fc1470434c389d8daf 100.0
2731030 1516345975827 1516348706857 4a2e9e4135c389c6ec9165638d36b104a2ab20c1 100.0
2743596 1516345976947 1516348720543 77d46a5361528fe7a96dd6e0a00c57e11bb11967 100.0
2702160 1516345977122 1516348679282 8b2add52a654fb7365c50f028a6a26af0b4a608b 100.0
2856914 1516345979841 1516348836755 1111358b6b07416666647ce1131a25d6b7dafc33 100.0
2728723 1516345979894 1516348708617 01a991a8e243463eb8f4a6a42a204c978c2ccd59 100.0
2728712 1516345979905 1516348708617 01a991a8e243463eb8f4a6a42a204c978c2ccd59 100.0
2721555 1516345983123 1516348704678 ed3079c549c4a47400f2bc4341996e8551d6b0f4 100.0
2721485 1516345983193 1516348704678 ed3079c549c4a47400f2bc4341996e8551d6b0f4 100.0
2756718 1516345983263 1516348739981 cf7fbf10530592aeb815bde7fdc1773d009b2483 100.0
2750276 1516345983611 1516348733887 ba2ba85a5ad159e405e012a3aed6903917c4fa32 100.0
2721678 1516345983663 1516348705341 76fdd4e95d9fd5e348e77fc75d6345ad6de96de6 100.0
2711897 1516345983775 1516348695672 f6b218548b775d775bbd384bcee6c50ecac8bc4a 100.0
2704543 1516345985013 1516348689556 2e55f87bf32abc84264b2dbef551ad9cc4a7e3f4 100.0
2707206 1516345985333 1516348692539 34d9b681e43aa5f0a159465fefd6ab3ab301994a 100.0
2704390 1516345985559 1516348689949 4681b85fc08e28ffc40747a9efc3d80f1ea11f28 100.0
2803505 1516345986749 1516348790254 bb4c2238f454dcd759bf974f458dbe129b182d66 100.0
3506299 1516345989080 1516349495379 61571c51342a8abd259a3a719677f56a60d85952 100.0
3402385 1516345990514 1516349392899 e8defe233844346266b14f96e1d737344946546e 100.0
2738976 1516345990621 1516348729597 b9baefaec4d3352be60195c8eae99ebb7f8f8037 100.0
2738871 1516345990726 1516348729597 b9baefaec4d3352be60195c8eae99ebb7f8f8037 100.0
2738860 1516345990737 1516348729597 b9baefaec4d3352be60195c8eae99ebb7f8f8037 100.0
2848297 1516345992264 1516348840561 f0ac92c145ca424ba40e5c59a216b02f7a4a51ac 100.0
2700579 1516345995069 1516348695648 31acd48236b3d7a0c0282c1b156a04b27947f21f 100.0
2700512 1516345995136 1516348695648 31acd48236b3d7a0c0282c1b156a04b27947f21f 100.0
2713364 1516345995414 1516348708778 362e440d8e9e393b139a65996040e221b4291722 100.0
2737426 1516345997624 1516348735050 8ef95f9cf454aee0fbf2fcceea3696f3820fc296 100.0
2716171 1516345998186 1516348714357 85867fc1f8a5eb425f00bc77facb94a098f84e3e 100.0
2716154 1516345998203 1516348714357 85867fc1f8a5eb425f00bc77facb94a098f84e3e 100.0
2819179 1516346001004 1516348820183 01c323fbc9491e6a52c1e18953194951bd363f16 100.0
2702598 1516346002639 1516348705237 9927f79bec6439b06946e19c1240e0b899ba3c9d 100.0
3395298 1516346005630 1516349400928 c90f30789e12d2da27bbd591f67d0675435b90a9 100.0
2743979 1516346005939 1516348749918 7c77fd0c3ee33792e5721a6aa75bf1b25564fb8c 100.0
2743245 1516346009008 1516348752253 ea215627be9357946599501b50c21117bca21c07 100.0
2915215 1516346009030 1516348924245 f684271d2f3b58054f11609ab7d70e145e0ed5f6 100.0
3386312 1516346009168 1516349395480 199603c4d38ed409de509dcc9c32ce0977cfd765 100.0
3187011 1516346023380 1516349210391 7e1340cec820fd998ec75fb4b50e0c1466404de6 100.0
2730988 1516346030813 1516348761801 194119c1f9c4fe6a55d077ebf2031466c9232496 100.0
2791135 1516346032996 1516348824131 27146b3866e66efc538016b40fdc4949c9cbe6c1 100.0
2712410 1516346033383 1516348745793 a96ccec336ac2dd470c2350e053070779384565f 100.0
2712409 1516346033384 1516348745793 a96ccec336ac2dd470c2350e053070779384565f 100.0
2711508 1516346033875 1516348745383 360f7395abb059de3604d47e16f4064e0f8ce60f 100.0
2705181 1516346037729 1516348742910 3894a2eacb813a4fac5999387eebf3d79ca955b3 100.0
2879216 1516346038220 1516348917436 f6900433f7c355ed4157bbfd0f274ee1049a1dc6 100.0
2702529 1516346040785 1516348743314 cd166f466d984b37b99a8da3e14455e1eb416cd9 100.0
3454464 1516346040964 1516349495428 bc75f115b877be95f91966d2da29f60ee2e84979 100.0
2833037 1516346041897 1516348874934 8b0ac9c1abd155c1c5c1efed3429fed078c6b27a 100.0
2728366 1516346042272 1516348770638 153ac1563f1966488c0203b6701cd3f819a36282 100.0
2761128 1516346042722 1516348803850 b59d303368bf4b64530fd8b3870f5c08a3f2ebee 100.0
2708974 1516346045340 1516348754314 2031b65a7d3719003e31c7bc9f55b149289bd586 100.0
2711946 1516346046345 1516348758291 90c1fdeba01e28edf2523359c6a4197739a77d23 100.0
2723547 1516346046398 1516348769945 4ea71af20ecc62a63cbda8b5159e20dff201baa6 100.0
2782013 1516346047004 1516348829017 c8e31c12133f431c838378c65cc0b07e934ee535 100.0
3269624 1516346047452 1516349317076 ff41ea1f77ef075e7dddc977e253e0144655879f 100.0
2709696 1516346048713 1516348758409 050fda9ee31187919c77a6e47b1340066791935a 100.0
2733345 1516346054008 1516348787353 a8e13c8847aa637e8c058d9d9a0804a153320420 100.0
3548512 1516346055412 1516349603924 a9479be9df6834d40d1e59b44afc7e93af6bf093 100.0
2718826 1516346055965 1516348774791 fe4959b5c4ffe57cd5ac8bd781b87609f76b9d43 100.0
2786748 1516346056134 1516348842882 44261d75882a3edf672ce6785ad29888ade02a32 100.0
3438597 1516346056851 1516349495448 04b199493c204f9cdd27157c209109b9abe8c2b4 100.0
2728088 1516346058461 1516348786549 382e3be17603e619c81e8a5293c80f32b8d66d0f 100.0
2712153 1516346058492 1516348770645 a59a6f4e8b44a2a1235d28f5bb4473ea1a39a29f 100.0
2708283 1516346060743 1516348769026 8f72e9e585a02faecad6b42cf493fd41e6b18d32 100.0
2702058 1516346064734 1516348766792 c7895d367f75dff0d837601869a9eafcac00acd1 100.0
2786977 1516346066160 1516348853137 35c10812f54e92951ff6b54595355ff1f27e9efd 100.0
2763849 1516346066676 1516348830525 76a93652fac2617b589713b6b02861047b803289 100.0
2723503 1516346067404 1516348790907 d3dd394aca6286e23f53949893175ae66b2916b1 100.0
2723501 1516346067406 1516348790907 d3dd394aca6286e23f53949893175ae66b2916b1 100.0
2762081 1516346067865 1516348829946 590d0525b1ff58339c52e84bc0a351bd88b08179 100.0
2726573 1516346068566 1516348795139 c1c0dc0251adc89c65d1c85e46c722f17c907eda 100.0
2710865 1516346070996 1516348781861 ef55da22c2619163920bab84b88b11bfab0df025 100.0
2710864 1516346070997 1516348781861 ef55da22c2619163920bab84b88b11bfab0df025 100.0
2710845 1516346071016 1516348781861 ef55da22c2619163920bab84b88b11bfab0df025 100.0
2700894 1516346071143 1516348772037 669e1ddd31203a3ca066a48d09e3a1e0e121a3cd 100.0
2790321 1516346071178 1516348861499 d15f86f4836e7d310eb5cf9fe770102047c2a72f 100.0
2704333 1516346071758 1516348776091 4c16a4684eaa1ed686907b72effe2202886f382c 100.0
2758524 1516346071853 1516348830377 0121c1f715b32666a2b82cdf75a20ef39435750c 100.0
2758507 1516346071870 1516348830377 0121c1f715b32666a2b82cdf75a20ef39435750c 100.0
2758507 1516346071870 1516348830377 0121c1f715b32666a2b82cdf75a20ef39435750c 100.0
3233146 1516346074675 1516349307821 ff9301150d5aec9e0f780276fda99d547874de3e 100.0
3137858 1516346074801 1516349212659 6b774885f9e26c588ac43d38c68b0da4c925fc86 100.0
2761596 1516346075066 1516348836662 b1fa16ea8ce2e5b6a1764fc35cc7d0c198b32687 100.0
2740044 1516346076802 1516348816846 86b263fb19ca8d80598d8f472f79bef9e8f1e310 100.0
2711648 1516346077558 1516348789206 b406941e42b0ca7d38ee8874e21d57b73a526ac4 100.0
2714804 1516346078269 1516348793073 51d3c9053fb107886fde149b4b15a60447fd4e5f 100.0
3111074 1516346079435 1516349190509 196daa7ca8f9f1b8de3b66b21acf5f731f6db9ed 100.0
2701406 1516346079770 1516348781176 a03d9f931783b17ce7ac59610b7f5ab0d8d604bb 100.0
2701352 1516346079824 1516348781176 a03d9f931783b17ce7ac59610b7f5ab0d8d604bb 100.0
3037647 1516346080710 1516349118357 33528d6e5ad8ca1aaa613d20e6998d424435ba08 100.0
2778772 1516346083876 1516348862648 74d49dbb7ef5e52a34bb24c379332bd5c7d33647 100.0
3037930 1516346084932 1516349122862 3c684d609b93f7f922ab2cdfcfe624b87d92bd61 100.0
2728079 1516346112781 1516348840860 629b9dfa204324e20a285351a0342525a419b351 100.0
2720330 1516346112879 1516348833209 5a1fbf66273545d082b47522726c58f5fd2cb403 100.0
2816020 1516346114458 1516348930478 ca6333b5e18ce604f3c1d3061b6a6328f00fe3fe 100.0
2707031 1516346116366 1516348823397 d548fbf0a58e02b9bc68b719fb79731fc8277043 100.0
2745999 1516346116972 1516348862971 11eb41762a18a1900d0c266faee46f33bd7ad54f 100.0
3581167 1516346118543 1516349699710 75e8a0431390bf1771b49154937d29bca7c76258 100.0
2721731 1516346119870 1516348841601 3417bff9d880737446d51814c3103c4f2b61c0a0 100.0
3578535 1516346121227 1516349699762 46aac1de4e117d89ca857225490f9aa335e30251 100.0
2720627 1516346122254 1516348842881 6e4cdf7c6e6ceac3d9803be3e8ff60664fb7c67d 100.0
2719027 1516346124487 1516348843514 196cddffa29196068eabb2bdd7ecca705829670e 100.0
3370105 1516346125540 1516349495645 66c6cd4eeaca1581d84ebf55e2f65084d172d1e0 100.0
2708432 1516346126496 1516348834928 1d802ef24a2d89b31f6e10931f6c4a1f18208f04 100.0
3417627 1516346130230 1516349547857 a053e227ec89742f63842518a0e30e8ffb1a1bb4 100.0
2772357 1516346130536 1516348902893 de0d563ba650e63c81893605197246734f958fd1 100.0
2710207 1516346130564 1516348840771 5d1c1d78e52bfedb0d4193db171888dd57097d1f 100.0
2709665 1516346132211 1516348841876 3db25ce8b63d4ad22c58915b24b5df04793c226c 100.0
2721500 1516346133414 1516348854914 a1faa2f9ba1edb069d541d494f6254072aedb6e3 100.0
2713569 1516346134194 1516348847763 07f2f0963c26693d451688802ad884784a6763d3 100.0
3259893 1516346135647 1516349395540 f6978f43dd7d6fa0144516ba7620c798342bee15 100.0
2816298 1516346137151 1516348953449 41e220b80ed9f00401c0d71489d5b29c372e1ff2 100.0
2850187 1516346137251 1516348987438 b50750bcff7093750f3b211383fc0ad7bf6c0b15 100.0
2708697 1516346137418 1516348846115 cd34b5d87009543e70a076a3026c5cbb606add5e 100.0
2789548 1516346138054 1516348927602 a627a4d33eeae51a6c7d15072336701780d32f37 100.0
2739394 1516346138418 1516348877812 d58286b3b8e23f7d172e3f8d028a95697ab105b4 100.0
2755137 1516346140371 1516348895508 362918ce374aecca9b0e1f8eb2916a7e7988cb2d 100.0
2783781 1516346143707 1516348927488 357d18678350ed87e6da7c621d4b33bfd8c37b09 100.0
2714687 1516346144423 1516348859110 b7ebcebc5e372e1592a8d4df6ec3278b3f7992fc 100.0
2705422 1516346146261 1516348851683 102e98f2fd6a2e45c4d82ad2163ccad3db64937c 100.0
2713844 1516346147659 1516348861503 858d5207b043363fb747c837641604c75ae3224a 100.0
2709814 1516346148664 1516348858478 8309c71247618c91bb8e851ef4e185a6692b70fe 100.0
3550383 1516346149357 1516349699740 8899de9fd7e28dc4b81b86ff2ea79b237decab5e 100.0
2735191 1516346150274 1516348885465 5c8c54380ebf876069ab7abd64b5bb2d7d49c89f 100.0
2742040 1516346151672 1516348893712 509ff83bdf97f57c050093892cc31e3619474f40 100.0
2752157 1516346151734 1516348903891 ade2536e1e9f1ce6b50836a5b8e0b4f7910574f4 100.0
2723612 1516346152259 1516348875871 0994926d9317da666e1622cdce59121430cf9e6a 100.0
2715460 1516346152452 1516348867912 9ddbf59078c982a9b469da8c1adc0beb507f93df 100.0
3153003 1516346154056 1516349307059 a2ebe1f96acb4458d40e8426703069461e5d5250 100.0
2721739 1516346154836 1516348876575 1c7dfc0f6c4057fa76b8a51b8559405bb782eeca 100.0
2702091 1516346157359 1516348859450 4d25af845a40d1e132f0f997336f8ffce64f83e8 100.0
2702089 1516346157361 1516348859450 4d25af845a40d1e132f0f997336f8ffce64f83e8 100.0
2702089 1516346157361 1516348859450 4d25af845a40d1e132f0f997336f8ffce64f83e8 100.0
3149583 1516346158211 1516349307794 d919d45cdf498e25051b4ffc2fb068b934369fec 100.0
2723179 1516346158460 1516348881639 2be556527d131a0bbebca86506bd53e6dd931801 100.0
3548404 1516346158731 1516349707135 9927f79bec6439b06946e19c1240e0b899ba3c9d 100.0
3226888 1516346158735 1516349385623 f4ecbc42b6c7faeb2ee979f1b13d8ba104b0e110 100.0
2800313 1516346160949 1516348961262 4a753206f299085ed8433264c86bbc9a2aeb6744 100.0
2700691 1516346161263 1516348861954 096dae824fd052728ee2ef1e5789624df7b61a3a 100.0
2816802 1516346161506 1516348978308 59a64779fa8552152bc60873753ff367dbc86a03 100.0
2727421 1516346162975 1516348890396 a68e04670b2c343c2a4a57441c9d25b0c4bcd83f 100.0
2710690 1516346162982 1516348873672 2776c8efcc3baf92fc1b0921042f38718db988a3 100.0
2747802 1516346163398 1516348911200 19974c70ae3f7f73c4a21b602859a176761145c3 100.0
2955347 1516346163512 1516349118859 8468156fc0bf9b57a356188641d0fcee0a17ecb0 100.0
2700477 1516346164619 1516348865096 266fa408882213ced2f02f95f962b26e6c511174 100.0
2701546 1516346164983 1516348866529 7248c153df4bb031c6505562afd69a6116948efb 100.0
3598168 1516346183084 1516349781252 3ca6da60cba77fedf42974cdc936c43bc257cc81 100.0
2935587 1516346183294 1516349118881 9a49e17ae112694bdb87cf1c071ba65f749be564 100.0
2776906 1516346189996 1516348966902 5f21d51d031ccc5e0055d0f888693e273e90d867 100.0
2722966 1516346189997 1516348912963 88ad88bce192f276f4431b6dc4504fe4b0f9d5da 100.0
2776901 1516346190001 1516348966902 5f21d51d031ccc5e0055d0f888693e273e90d867 100.0
2722960 1516346190003 1516348912963 88ad88bce192f276f4431b6dc4504fe4b0f9d5da 100.0
2717546 1516346190171 1516348907717 2cde9ef27ed06a6ab91fe3d7db3791692a2091d6 100.0
2840001 1516346190226 1516349030227 54ef705ce1d0cc50f1ce0cd20b59afec53929190 100.0
2701888 1516346190554 1516348892442 6e5c6b271672149b35ba62cc933424cc889f2e1c 100.0
2701887 1516346190555 1516348892442 6e5c6b271672149b35ba62cc933424cc889f2e1c 100.0
2705598 1516346194947 1516348900545 e4bd149210c7e3a83f4a6180318c6a5cc2e6b662 100.0
2866793 1516346195104 1516349061897 983287b1a28488916931f12adf2a8ebfa7407144 100.0
3112673 1516346195175 1516349307848 dd609c9b12002cb6fb7f67d0e3121832b6c74d30 100.0
3598369 1516346195667 1516349794036 fa5f04df5dcd353d1be5974830cf99338b28eeeb 100.0
2914671 1516346197175 1516349111846 c203afecd349911805eaf9002697d881121deca2 100.0
2754633 1516346197280 1516348951913 7973f42be05becac5c1c5282c868bd781b9212fe 100.0
2702553 1516346197551 1516348900104 c12a92a6bd258cd018c7bf85f517aca8bce626b8 100.0
2733032 1516346198790 1516348931822 7a65dfd9296fa463fce7975b71695b17df669b86 100.0
2750657 1516346198985 1516348949642 e0f54b8f09585a9878a2ddd43744ae2cf9c513a9 100.0
3594058 1516346199958 1516349794016 26602663f432da0f520e9569d7a425fbd6a61612 100.0
2710129 1516346200816 1516348910945 a10b18383b313889551be3fdb277e07e58371852 100.0
2828663 1516346201480 1516349030143 1e089bc7ca95915f936f0115b1a80cb2629001df 100.0
2798776 1516346202610 1516349001386 0ab4576e7372e17d66c058aab3f7a3eb8f947c51 100.0
2789699 1516346203930 1516348993629 b366d72a823b6624d22e5ac4f119dde8b8c790c8 100.0
2775967 1516346204653 1516348980620 1b9f8639cd7fcc93870f2bf5c77d1efdc25b2720 100.0
2728278 1516346205301 1516348933579 5a8cb2a79ad9162a0e585383916acd45b7e9ba6f 100.0
3089375 1516346206685 1516349296060 0ef9e2f514fbab77d6899204abb58b58bed0a245 100.0
2716562 1516346209393 1516348925955 33445a747f4d6f28ac8c0d79bfef12b30da0c288 100.0
2740793 1516346211096 1516348951889 c11206f788d3e9b4949aa79be93424c2c36b509f 100.0
2728659 1516346211305 1516348939964 1561f5d5dd5a1d13791ad37a2a2d739db169e1dc 100.0
2701583 1516346212590 1516348914173 751c3aa8b3a1e8eb65dce87b7ac34bbeb7dcf4bc 100.0
2701581 1516346212592 1516348914173 751c3aa8b3a1e8eb65dce87b7ac34bbeb7dcf4bc 100.0
2746556 1516346212680 1516348959236 56eec07d9d6ceb018abbc22a486542dfbf1764b4 100.0
2760541 1516346212962 1516348973503 0d1ee09127d629b9b8eb8144d24f80c34d6d9ba8 100.0
2700138 1516346215109 1516348915247 e67ca9b69af6a40a8054c5ba5873c1023346ca34 100.0
2700137 1516346215110 1516348915247 e67ca9b69af6a40a8054c5ba5873c1023346ca34 100.0
2702785 1516346218446 1516348921231 0e4bf79d208078db120195e07888c3573bae49a4 100.0
2750662 1516346221829 1516348972491 451429f95992e0e05a6892d6d8eee92280a5fcfb 100.0
2797952 1516346222167 1516349020119 bad6b0b0339910fc4aaec5184b984e6162576e64 100.0
2718461 1516346222614 1516348941075 c50f442f4501e410effca585d805702a0b9a221c 100.0
3053653 1516346224452 1516349278105 f0a874165ebd7c8d88562862a02ad76af2e2da18 100.0
3161089 1516346227639 1516349388728 efee5b733a62e62198003145bb67ad24e3128c16 100.0
2745121 1516346231061 1516348976182 d75d90f8cda68467d1905c9a309de36431c16a4f 100.0
2714181 1516346231943 1516348946124 6f1a891a2d40df9b9b649c8b95884efe6acdc85a 100.0
2715782 1516346233562 1516348949344 13d42ac49408fa2100d59bdd802e86f880f179f0 100.0
2715777 1516346233567 1516348949344 13d42ac49408fa2100d59bdd802e86f880f179f0 100.0
2749457 1516346235315 1516348984772 e82163bd4a252255c57457766677dca31cbe1845 100.0
2813291 1516346237543 1516349050834 0d2c47f17311849cb2a5f04db47b43737b21d9bc 100.0
2715776 1516346237806 1516348953582 5383562f48ef906d978b599f15153eef1f5d967e 100.0
2762718 1516346239343 1516349002061 df82f54f8e4b424775848bb927f2d27431036ed9 100.0
3540937 1516346239915 1516349780852 122b42363e124613d8d6f0924d1b8c18bc683ccf 100.0
2712286 1516346241067 1516348953353 764002a89f69a213e29c6f6a5c1df26c87203873 100.0
2723811 1516346241078 1516348964889 2b45b9ca6a2a64fdeabc913fcfc9891b060d2114 100.0
2716278 1516346243152 1516348959430 9409e5555f410874fdb199d198ee628584b4e335 100.0
2747062 1516346249039 1516348996101 bc914f8e75147999adab74e6a69568f102323a49 100.0
2780402 1516346249815 1516349030217 70413701bf03ff5712b9aaa5282a4802881bd82d 100.0
2744322 1516346252878 1516348997200 33d398e8dcd30ca1d7c9df6fa4afdd255013707d 100.0
3598903 1516346277314 1516349876217 0ae526fee29b4d7ee587431573f58e53f10c47d5 100.0
3406975 1516346277336 1516349684311 29ac0cd04f7cb21cc1f0aac16d04b60490a12a37 100.0
3406849 1516346277462 1516349684311 29ac0cd04f7cb21cc1f0aac16d04b60490a12a37 100.0
2761096 1516346278227 1516349039323 a51e6c14fc4b1a49dedd56e0333b230971c53582 100.0
2905524 1516346279079 1516349184603 93eb178e838de3fdc384fa30385d21e016c3c45a 100.0
2706468 1516346280022 1516348986490 3eb44acb60904bb0e3808ba25fdb8b9bb1809db2 100.0
2706241 1516346280249 1516348986490 3eb44acb60904bb0e3808ba25fdb8b9bb1809db2 100.0
2705672 1516346281490 1516348987162 77e0f7be991b23b948a8c4567f77134063cc0bb0 100.0
2705361 1516346281801 1516348987162 77e0f7be991b23b948a8c4567f77134063cc0bb0 100.0
2702025 1516346282379 1516348984404 0af7498a2b1ce55a8024a49c7d919490716dd688 100.0
2704482 1516346282680 1516348987162 77e0f7be991b23b948a8c4567f77134063cc0bb0 100.0
2703841 1516346283321 1516348987162 77e0f7be991b23b948a8c4567f77134063cc0bb0 100.0
2711474 1516346283963 1516348995437 cf2e3ee7cdcb2c9629d294f895845bb7c88e8e5b 100.0
2715233 1516346284250 1516348999483 c9a83c72cf1b54da14cc615820e2cda47a7f2517 100.0
2765857 1516346284727 1516349050584 b0ec60ea16a904d37a2d37718734169efe3fe8a2 100.0
2760996 1516346285793 1516349046789 fe5fb36ef04c28725777eec357a994e4057ccb1f 100.0
3502672 1516346286659 1516349789331 5a62489bea242c0f5cf06ef08f1a42705d9ecb31 100.0
2753022 1516346289716 1516349042738 65f902c96e25fd68ee587af1cc648b76db2b25cd 100.0
2993185 1516346291239 1516349284424 ca23c6feae5dcb33009b50201079f1d4c6de2582 100.0
3595445 1516346291773 1516349887218 fcae5924d22a3d7d13296e381af27aa1b6a06b8c 100.0
3405472 1516346292710 1516349698182 27f7285eb8d88893b7613b9c124569060e69a348 100.0
2714234 1516346294966 1516349009200 748ef1e9455357116e3ed1979d0d93e1f2ad7a48 100.0
3588995 1516346296460 1516349885455 2d800a94e729086f552ffcca5a54760e4437e877 100.0
2739664 1516346299334 1516349038998 91587c05b8c4ed1e9333f52240a006c7b837d96c 100.0
3090196 1516346300235 1516349390431 02347bd568429cb0039e1b2469e357f244e1b05e 100.0
2708623 1516346300498 1516349009121 b7b0bbbb4297ed4f16f59da906804f2dddd039f3 100.0
2706543 1516346301599 1516349008142 85eafa38facafec633e562ecc0764ba6eb606140 100.0
2750603 1516346301845 1516349052448 93fe24b59bc13a4fd2cbe9f4ae88913e25b7e9ca 100.0
2726621 1516346303625 1516349030246 f212871213e6215024265a8b0cd00e761203118e 100.0
2708857 1516346305061 1516349013918 212a7a2f327b9d2d9f97636b86466ca1f0c35196 100.0
2914208 1516346305664 1516349219872 9c8b8067b813c130c6a19eed8f271ca4d89d6bb0 100.0
2723919 1516346306635 1516349030554 8d4723470f9f0f7f1bebc80c0c4d82950108d013 100.0
2709378 1516346308459 1516349017837 fd6d43a832da7a178d0ba89c1dac2de8eca16a19 100.0
2762563 1516346308589 1516349071152 de18024a1dbf6446dc478b15ef8f6de8f0599f1c 100.0
2715227 1516346309093 1516349024320 09b57d314b435a1b10aaf4d03289837d08fd4566 100.0
3084888 1516346310234 1516349395122 4a36910a4f54e4e5064469cc2f83f1125ec413b8 100.0
3048774 1516346314260 1516349363034 0ac226954633e324469e8fee79c0f3c9d4d59b88 100.0
2720948 1516346315351 1516349036299 0dc75fd16cb358dbc1e4da5ab050b973c9aaad61 100.0
3088813 1516346315538 1516349404351 2644b6d9e6e3056dbf5d9470252c8f0a66dc7b6d 100.0
2713293 1516346316897 1516349030190 895ecc5f67054ba353c2ff8ad06c0aef7472ad27 100.0
2763933 1516346317378 1516349081311 e2d26aaf4ebf913a622c34631441a76498ce8a99 100.0
3220915 1516346317595 1516349538510 386c7a551bbc008e8cc4a32744f4fdedc39ae404 100.0
3220915 1516346317595 1516349538510 386c7a551bbc008e8cc4a32744f4fdedc39ae404 100.0
2884554 1516346317672 1516349202226 74859820aab20275707d246aecad194bfb983600 100.0
2712290 1516346318073 1516349030363 708dcb2ea00bdb5965012745a300a0547ad9f067 100.0
2707379 1516346320331 1516349027710 2b2db67912f1fda7b835905b210330d074720e10 100.0
2710573 1516346320821 1516349031394 7fff69621cd4f7a03f7751d182ae86e044c8f239 100.0
2719566 1516346321254 1516349040820 1d4c63509591d5f36f88847a8efb0e3e93c176b6 100.0
2769169 1516346321473 1516349090642 51472fdcaf1ff606748fedae164cdcd237628008 100.0
2826727 1516346321495 1516349148222 adef8b0fe7148fec092ab1500f44cc0cd3b03ce7 100.0
2712711 1516346322445 1516349035156 2e88129716e578be0a0c406675840bf7d396dd1e 100.0
2708064 1516346324001 1516349032065 633b1f7bdf742550fe6c20b06c3fba9cc72c8574 100.0
2708060 1516346324005 1516349032065 633b1f7bdf742550fe6c20b06c3fba9cc72c8574 100.0
2753358 1516346325007 1516349078365 8787cfc050bbd481ec8b29025542ec0ec27d3088 100.0
2705858 1516346327597 1516349033455 10adedabf61d6b648a2e3f67fdbe250e200be94b 100.0
2705854 1516346327601 1516349033455 10adedabf61d6b648a2e3f67fdbe250e200be94b 100.0
2813768 1516346328765 1516349142533 60068d9f2163d66ef6688f42e6ad380b01269697 100.0
3059946 1516346330630 1516349390576 44f50d0d8dc0522f7da20c34b4a513f419918a0f 100.0
2782044 1516346332851 1516349114895 21e0c3f775c31ae7cb5b1e40fb1d1ab8ccb1be84 100.0
2782329 1516346333430 1516349115759 37fb31f832daa3f224853be58666643f5bdd113d 100.0
2754087 1516346333892 1516349087979 46eb74051199f704d64967910633fb79e832b989 100.0
2716295 1516346334119 1516349050414 a91992dde0c49d082fadc8503748661b8a43d832 100.0
2772746 1516346339249 1516349111995 e749309f60c56b5e0caa06edfbc29c5dbc96f1e0 100.0
2706149 1516346339391 1516349045540 bf141ab6d8feaee6faa608a077db1b4b8681e6b6 100.0
2721957 1516346340145 1516349062102 e0b234ba65f662a08f85cfc5744c505c97e6f094 100.0
2745649 1516346342027 1516349087676 7f08d6d40b74d4f551574a1a1fec33a84276f2ee 100.0
2748309 1516346342348 1516349090657 d31fedc51bd34237def097739c04adca0d25c991 100.0
3209470 1516346342675 1516349552145 5bee27b0a0cbce10248ff2bc34718194b94ad2f3 100.0
2701452 1516346345449 1516349046901 1bfb990592d74d75e3d0b3c3e772ae6fb3d08834 100.0
2701451 1516346345450 1516349046901 1bfb990592d74d75e3d0b3c3e772ae6fb3d08834 100.0
2709838 1516346348393 1516349058231 522171941d1510220ffac2e37972f2dcbde56de7 100.0
2720911 1516346362464 1516349083375 630db0ab7b5bf984538399e2a7823d8afa56e2d2 100.0
2701113 1516346362673 1516349063786 2650a646c7044256b9c389a1cfdc51e95bd3f5e0 100.0
2711186 1516346363569 1516349074755 626d91b4e64f778e4f86ce9bce61a3aa47ad59db 100.0
2705088 1516346366167 1516349071255 c8f8e4dee5abf63f34e1f8ce515eb16093f3b79c 100.0
2718524 1516346367494 1516349086018 076eb373195b6925a8b1084619dc5db3fba1d0ee 100.0
2702754 1516346369464 1516349072218 d880c753ba2f65ccfc046540e109c2542d2249a5 100.0
2702750 1516346369468 1516349072218 d880c753ba2f65ccfc046540e109c2542d2249a5 100.0
2796989 1516346370395 1516349167384 e0c5555831c66a7a8feed7a79c0f2eaf443c813d 100.0
2726717 1516346371375 1516349098092 d99505939f94f356f0829576fa5fcd480a72623a 100.0
2720057 1516346372081 1516349092138 ef75f9fda437a0d0db0d032b9f464e4e83a3412c 100.0
2747297 1516346372720 1516349120017 25d2e8030e13eabdba09f938f53fffdbf307a946 100.0
2743729 1516346372742 1516349116471 f7c9922e4fdb539fefc1399d5c312ffb3239245c 100.0
3017572 1516346373256 1516349390828 0fd853e9735b76d2513f4554f6d650ea03a31bf6 100.0
2703459 1516346373637 1516349077096 b197e1de14d6f724e79b3c64b8e255fa52843ef1 100.0
2703380 1516346373716 1516349077096 b197e1de14d6f724e79b3c64b8e255fa52843ef1 100.0
2713971 1516346373877 1516349087848 0262e5a2e5e737abc413d231e7ab682d99bf135b 100.0
2713573 1516346376553 1516349090126 4265d21547be416e963d2d400c3b1743d32be65c 100.0
2707270 1516346376851 1516349084121 bad060673dc6159286211f7f20f96d1dfa98cb85 100.0
2706955 1516346377166 1516349084121 bad060673dc6159286211f7f20f96d1dfa98cb85 100.0
2840995 1516346378825 1516349219820 cfffbf3d3b0227ea0d9b2a24484a525615b71174 100.0
2719259 1516346380915 1516349100174 caf7cc3dff558c6d4445d1d1fa94799436325a46 100.0
3014084 1516346381402 1516349395486 748573224e1ca25def581dc4047efa37f4a0753d 100.0
2765013 1516346382880 1516349147893 f295fca50e8c9a1eeb05723c0ebc5ced7c89dfd3 100.0
2702564 1516346384753 1516349087317 e0f4b7471353a91c45d10e480766ad3fe808cd87 100.0
2708954 1516346385032 1516349093986 238bb64fe2546dcb00860cd20c773bd5c8201d8d 100.0
2702711 1516346386156 1516349088867 5e49a6859dbd5ac9f52a4747324e78d6969a80a7 100.0
2711000 1516346386693 1516349097693 facb566fc860fb74b82b84a1218abcdb08b3f1a9 100.0
2763717 1516346387110 1516349150827 f392652cf68e38b10b6bec80197a2840c0a5f0b7 100.0
2754975 1516346388097 1516349143072 13007de736ec4fc66b803e3aa2b5a45b16596b55 100.0
3104267 1516346388199 1516349492466 0ed816f17c6533dbad5d311d66249367396a758c 100.0
2768068 1516346389397 1516349157465 e475994f6029490e3c70e1131b0958eae4d8b175 100.0
2765260 1516346390171 1516349155431 750f16302a9673b3623b082c110c47ee8e4f6ed6 100.0
2701743 1516346390359 1516349092102 fbd4f51e9a72e554d82f7deadae350ff618076a3 100.0
2708414 1516346396727 1516349105141 fcb73030632330081d8f7b634b7b70a00c9554e4 100.0
2701086 1516346397464 1516349098550 1c8496dcf27bf8e182df76402139e20b0e7460c2 100.0
2743073 1516346398351 1516349141424 9ea0e01e589f696db2f9aa0596d6f5d626a31271 100.0
2706373 1516346398633 1516349105006 f209a4c5fd2d169d05c76422e803606b9899faad 100.0
2725682 1516346401361 1516349127043 597be8af555209ad1dd948f206091d1aeb068b2d 100.0
2725671 1516346401372 1516349127043 597be8af555209ad1dd948f206091d1aeb068b2d 100.0
2739343 1516346403654 1516349142997 d1ba8e22f8515492663c7d7a477754709c125458 100.0
3487806 1516346403931 1516349891737 2ae2c32cd8c874944b82ddf70e2fb5476ae79a1e 100.0
2713939 1516346405862 1516349119801 8e9bbd5dbb7f56d81198c94fba63c21359d28d85 100.0
2722703 1516346406090 1516349128793 36aad83f7e57c9142878915b24fe29e12429e996 100.0
2703700 1516346408341 1516349112041 b1df1f85c0a9fe2e4b0fe85ca24a64825f69e8a0 100.0
2726191 1516346410432 1516349136623 26897cb88033aeb316de231c6c964a3e72ceab40 100.0
2707948 1516346410725 1516349118673 5467019a4c32b08974386c0c2df7d0ab1d84bb1d 100.0
2708932 1516346410977 1516349119909 50623d513f7066047d8d5a306456cd510137d92f 100.0
2700628 1516346411510 1516349112138 c4a434c286d88108f15512f63550a117edd81355 100.0
3578769 1516346411975 1516349990744 a295abcfc139e34b089391e8438e5382367acba1 100.0
2709711 1516346412594 1516349122305 3fc79fa04c4222320327cd23c7364c5d0b25c6af 100.0
2709702 1516346412603 1516349122305 3fc79fa04c4222320327cd23c7364c5d0b25c6af 100.0
2721267 1516346415956 1516349137223 a6452ce871d56ea6cdcdfe67d9532903afa38d18 100.0
2813630 1516346416622 1516349230252 43ff0930ff5d787b97913ad1c1ef925167ba72b4 100.0
2730405 1516346418161 1516349148566 5de0fb536d729ef6ab93f66647e830fe70cd5beb 100.0
2734197 1516346418246 1516349152443 34f29e2112f96681ded5290510bf30bc2795db7d 100.0
2746412 1516346419795 1516349166207 33d3fc398ff21522e773e894e44b1fbeeaecd026 100.0
2719008 1516346424249 1516349143257 f957c6601ffb2fb4f987f54bcb38f319ec372e1a 100.0
2708389 1516346426360 1516349134749 2d55f1283ca66e6ff35643144d39f0ee36335f84 100.0
2775854 1516346427250 1516349203104 c3e8bb6a32d9bf0e94fa95dcaf97517852c220bf 100.0
2864077 1516346453802 1516349317879 463b14043331d866dbcb2191aa1285df0c0370e0 100.0
2795180 1516346455286 1516349250466 6b4c383bc1f8d8c4735edc12e950b7adcbf80e15 100.0
2795177 1516346455289 1516349250466 6b4c383bc1f8d8c4735edc12e950b7adcbf80e15 100.0
2726001 1516346457283 1516349183284 ddf0d5383275f933e743fdbc723312e0c013dc42 100.0
2788183 1516346459184 1516349247367 39fffc0cbd3f9f07c2d69bf7ba048861022b4f3f 100.0
2700895 1516346463099 1516349163994 a2a84e24b3a1b302b3972549045d1a2bd8d713b0 100.0
2700895 1516346463099 1516349163994 a2a84e24b3a1b302b3972549045d1a2bd8d713b0 100.0
2884966 1516346463405 1516349348371 6fad6f25c2fb6433936d6f6b1d98ae7eaf76b7a2 100.0
2713922 1516346463465 1516349177387 31eba953e065f9073fcf6b4f3a4ba377d5425948 100.0
2700334 1516346465918 1516349166252 f4ca67fde9904e6531d763cbba49a3974dadf207 100.0
2762054 1516346466216 1516349228270 ea9d01b9c8b9e9183423a2ca8d6c9ea27887c34f 100.0
2718657 1516346466855 1516349185512 289b32a269aa8140b544e6c25be1a4dcc188c5d2 100.0
2725240 1516346467569 1516349192809 f2b59c4f74a4aa3722d9431d39102899438a7676 100.0
2725237 1516346467572 1516349192809 f2b59c4f74a4aa3722d9431d39102899438a7676 100.0
2725235 1516346467574 1516349192809 f2b59c4f74a4aa3722d9431d39102899438a7676 100.0
2718765 1516346468946 1516349187711 a969a521802e9248a1434d75b9e5de0305707692 100.0
2718719 1516346468992 1516349187711 a969a521802e9248a1434d75b9e5de0305707692 100.0
2727350 1516346470104 1516349197454 a1a033230d303aa2a3b5108a3b4d794da434b538 100.0
2727006 1516346470448 1516349197454 a1a033230d303aa2a3b5108a3b4d794da434b538 100.0
2709538 1516346471055 1516349180593 0eafb151c9f1e96f327733a46ee80ceb296b947a 100.0
2709517 1516346471076 1516349180593 0eafb151c9f1e96f327733a46ee80ceb296b947a 100.0
2932254 1516346471743 1516349403997 b8d0af3a9516af9331b964a1fd8805f5ad328ede 100.0
2828316 1516346472745 1516349301061 0fbd286254825b9060ec1bd491b846e178a4479f 100.0
2714514 1516346472980 1516349187494 6412ee6bb0264430b34af9dd3f93c5e3ba1b20fd 100.0
3119081 1516346473228 1516349592309 c93e9f40c1831c3a92651bc6451785e8995f8bc0 100.0
2783462 1516346473474 1516349256936 90f704d3e6807354f91bed5ca5802d45c99a9e75 100.0
2717719 1516346473588 1516349191307 8554aab611671e97d379726bdc6578312a93d6be 100.0
3595819 1516346473987 1516350069806 8d425a0327498a9e02307a275ae25fcbc97328be 100.0
2920780 1516346474797 1516349395577 82e2321ba37ff0d9e28c1dc5c68a414ddf4f845a 100.0
2778007 1516346474898 1516349252905 62ca0cd7a3d56cefabbb91c9524886513024be77 100.0
2777626 1516346475279 1516349252905 62ca0cd7a3d56cefabbb91c9524886513024be77 100.0
2844809 1516346475511 1516349320320 7179157fb0507fcc32826a0140f2058be243eeb1 100.0
2701023 1516346476342 1516349177365 1046ac2671ebdcd936f395f42e8572c51f39b446 100.0
2700747 1516346476618 1516349177365 1046ac2671ebdcd936f395f42e8572c51f39b446 100.0
2801469 1516346476616 1516349278085 cf880410e2211dce4276bdbe720492ebe4378ad5 100.0
2801484 1516346476601 1516349278085 cf880410e2211dce4276bdbe720492ebe4378ad5 100.0
2833632 1516346479684 1516349313316 544c4fa7bdfdc1f4b4d9063893e654a9a5a7df80 100.0
2702454 1516346479904 1516349182358 279bb722b5e386e7aeb1e812398ebe4ec476aec1 100.0
2702192 1516346480166 1516349182358 279bb722b5e386e7aeb1e812398ebe4ec476aec1 100.0
2788260 1516346480443 1516349268703 4820b6ca34f737a0f5a327b66041d202bdac588d 100.0
2825927 1516346482830 1516349308757 2070f00e433387ebf9ab4e819f335557a2951d0d 100.0
2725534 1516346483484 1516349209018 d32641228453cf1e3f6d90e34491b41a18f02b5f 100.0
2724926 1516346484092 1516349209018 d32641228453cf1e3f6d90e34491b41a18f02b5f 100.0
2707692 1516346484142 1516349191834 a699cc947a2e3cf0f920ad01410d35369cdae73c 100.0
2707124 1516346484710 1516349191834 a699cc947a2e3cf0f920ad01410d35369cdae73c 100.0
2721259 1516346485213 1516349206472 2471def54ae6b6c89487cda2fe937b9a6f89ca82 100.0
2729986 1516346485348 1516349215334 1aeffd651cb4796b23d5ec86f9002fcce8acf3ad 100.0
2720295 1516346485361 1516349205656 87c138d98943b1a42667c3e0d23d69479193eb6f 100.0
2700215 1516346486042 1516349186257 0451a259718ffa6bd702fe197240b701c8d2b91d 100.0
2717944 1516346486795 1516349204739 6285315588318d1d0ec72225765f7de14662fbbf 100.0
2705199 1516346487672 1516349192871 5e9ed97bc1bb425f05a98c50410ce58cb793a91e 100.0
3292985 1516346488181 1516349781166 2942774881adc8d7ba0bb5f71990950748859ca5 100.0
2711224 1516346491794 1516349203018 da908591c5bc53067c70bd6400ad5aac58759c4c 100.0
2730319 1516346493752 1516349224071 5d45cb0e7dfed07676ed0dd216274d355bc1cef0 100.0
2815043 1516346494346 1516349309389 5cc2b1816df8cbcf98851a08abdfaeaa8ceafbbc 100.0
2769384 1516346496527 1516349265911 c64fee00e1c9a7ce92314362a7d3f0b21db9f4dd 100.0
2780977 1516346496732 1516349277709 9701574f1d71af1ce5f76f21481fdc759265924f 100.0
2743262 1516346498714 1516349241976 30f6925254a87d098e93c2b5995c266dbbb40cd5 100.0
2705965 1516346499326 1516349205291 bf01e8c5328d0e3a14d7f28f4d07cf0778168916 100.0
2705943 1516346499348 1516349205291 bf01e8c5328d0e3a14d7f28f4d07cf0778168916 100.0
2714351 1516346510434 1516349224785 49b91872a050d5034dd1ffa08441695ac227c928 100.0
2709205 1516346510624 1516349219829 cfbfb5138cae8a109689701c13815a526e7d1d4f 100.0
2759209 1516346511077 1516349270286 382757000994d1cbb8f0dc8a7295970d8dfbb18c 100.0
2706918 1516346511081 1516349217999 8ea1b11ab6e55c9a89ecc4239441f7fcfb5c8d7c 100.0
2743536 1516346521386 1516349264922 ec79926ef0e5d942256548ecbbd75fadfa564e16 100.0
2702070 1516346521550 1516349223620 9b426fd8eda0b2c7072c1af4e7cbae5d923a1597 100.0
2709198 1516346523600 1516349232798 e582559601d4f7135a96443f207f6f1a8ba56bc5 100.0
2879119 1516346524110 1516349403229 2e093bae8ec3e05c872fecb4212f1eaa57077bfa 100.0
2747216 1516346524173 1516349271389 a757461773de6ba85d739b7679c9d2366578cb8d 100.0
3571070 1516346525620 1516350096690 9bb188b8edfda1bcfc80a2b370c6605c6a15945d 100.0
2838024 1516346526582 1516349364606 c3be48df3ae039ac7666fceb1242bbb1ad1f7536 100.0
2868938 1516346527151 1516349396089 d88708ce9da90e1625380a096fa184005f9fd944 100.0
2708431 1516346527929 1516349236360 1fa044ff32cc971f9814eaa3a4c00d40546c99c7 100.0
3559491 1516346528288 1516350087779 937ad11c2120dc4c52f01bc2f4ec492a853d36bc 100.0
2700691 1516346528331 1516349229022 b5ab0b63edd2f0e0f26ba2f3b600c402ac49c0a4 100.0
2700690 1516346528332 1516349229022 b5ab0b63edd2f0e0f26ba2f3b600c402ac49c0a4 100.0
2700690 1516346528332 1516349229022 b5ab0b63edd2f0e0f26ba2f3b600c402ac49c0a4 100.0
2735265 1516346528390 1516349263655 fca5035ba14b3ad7528444f5ecaea56f70333c55 100.0
2728561 1516346535129 1516349263690 cda3d9d6d4f0162044b3a80741d87c8922583d64 100.0
2713166 1516346535715 1516349248881 b75902ea59dcc30a4ad3742c83da9b2794581441 100.0
2772372 1516346536323 1516349308695 4c6113030b67f0fc7cd7d4aa5de16de8ad6a05b5 100.0
2705135 1516346537699 1516349242834 8902d2cea908d97856d926af5d2029a98ca5aaf7 100.0
2705135 1516346537699 1516349242834 8902d2cea908d97856d926af5d2029a98ca5aaf7 100.0
2702521 1516346540697 1516349243218 b878c8b87c22de97a03805b606124bb32b1d41fe 100.0
2727091 1516346542569 1516349269660 c07d302d1b622ba0fae5a6f2a5bd4af0f9be3a4f 100.0
2700972 1516346543967 1516349244939 25a61f9ba32b2b40b6993a65784b8796e0251a3c 100.0
2703028 1516346546554 1516349249582 b9403af99c66c0fa1dcccc38c38a037272a16dd1 100.0
2859581 1516346546748 1516349406329 17ac37a264ab2ee534e59a322081f38a303f48d9 100.0
2726430 1516346548414 1516349274844 ea2e774c65b867f6ee9a04758ebabc650b21c9ae 100.0
2719054 1516346550047 1516349269101 e261b923928fb9f16590a5615ab16266ddbb4fc1 100.0
2728919 1516346550256 1516349279175 885fad1a8e8488c00449be29586c394152e187a8 100.0
2703173 1516346551253 1516349254426 060c1e94b184b682f1ac186b92a572a221257a91 100.0
2739905 1516346551431 1516349291336 45ee386bcffb133811953b9b6b1a8eae0a583b69 100.0
2849810 1516346553378 1516349403188 fd760d7799f52c9b20daea31093106db0e7dbd08 100.0
2789464 1516346553456 1516349342920 6431d5a0c19a7d02150facaf1e5315c2393a93e7 100.0
2853665 1516346554789 1516349408454 31c6b85f28c900bafa226e1984861c2766689545 100.0
3532954 1516346555030 1516350087984 f2fa3971c8fe340dc22e8bc4f3f5bab2112a60e0 100.0
2706813 1516346556018 1516349262831 59218e4ca0466dc23b82121ee4a707c886d28370 100.0
2710402 1516346556892 1516349267294 e11418fdbb381c011b10c74e14b92a59dd2e13c0 100.0
2710374 1516346556920 1516349267294 e11418fdbb381c011b10c74e14b92a59dd2e13c0 100.0
2752795 1516346556925 1516349309720 5e1a1a50f5bff8d2552ea275fd72a3958858debd 100.0
2753064 1516346557901 1516349310965 dcd76bd1d35203c59cdc359692066c1d5b19f653 100.0
2700838 1516346558329 1516349259167 45d2afee43be3a265aed4ee0acdff2003af01383 100.0
2700838 1516346558329 1516349259167 45d2afee43be3a265aed4ee0acdff2003af01383 100.0
2700836 1516346558331 1516349259167 45d2afee43be3a265aed4ee0acdff2003af01383 100.0
2745144 1516346560471 1516349305615 56ca995ac983e927129fb13787cece9c197fcc46 100.0
2735498 1516346561051 1516349296549 622a713f593e4c87c1d00cecb13cbd65998898ca 100.0
3227949 1516346561377 1516349789326 eab585230100277b73cea39b719420d7772d9aa9 100.0
2705610 1516346562337 1516349267947 7d66cc81ce271157e88b28a33f46c32a44836618 100.0
2711433 1516346562593 1516349274026 c42734ed7099a89df0c6d2f9408de37858a1f7fe 100.0
2728308 1516346563098 1516349291406 c12a8e507a267c3ca31258f5034fae81dba2bb2c 100.0
2750073 1516346563247 1516349313320 14335245b878c3d835c0b74d3ae8bdad2659d169 100.0
2780362 1516346563340 1516349343702 013f636d310c181ae949785ec00665ce775a6c96 100.0
2751343 1516346563406 1516349314749 0d8c455e6ae8200a93a49da734b8118d77cecdf6 100.0
3322856 1516346565425 1516349888281 d907403f2833da6fe51671e9a106c9729f26de9d 100.0
2753499 1516346565931 1516349319430 72a7a15ce5e18d4456a8477663d6ae06f0da4ea8 100.0
2705103 1516346566182 1516349271285 ec62bae41299cc14f9ec32f650e6bcd7993a4fce 100.0
2809683 1516346566924 1516349376607 fadcc8a1b15954ea0a6414ab6efb4a0abbecaeeb 100.0
2809672 1516346566935 1516349376607 fadcc8a1b15954ea0a6414ab6efb4a0abbecaeeb 100.0
2720177 1516346597521 1516349317698 e160aeba60c05ea163d601bb68e88af822a40c9f 100.0
2720174 1516346597524 1516349317698 e160aeba60c05ea163d601bb68e88af822a40c9f 100.0
2718790 1516346597993 1516349316783 44c3f3c0b4c052f0dec663b74202f34b06d23d9b 100.0
2718790 1516346597993 1516349316783 44c3f3c0b4c052f0dec663b74202f34b06d23d9b 100.0
2804950 1516346599464 1516349404414 e1f409140cc67817b856f31ead9b3eb9f4a3d5a6 100.0
2709704 1516346601216 1516349310920 18a4ff7b6ea27d41b0c4af1df5f78ab9e279d07b 100.0
2890830 1516346601631 1516349492461 084075c58971b93813079360b4d2dbcb72ad2e5d 100.0
2890827 1516346601634 1516349492461 084075c58971b93813079360b4d2dbcb72ad2e5d 100.0
3284841 1516346602391 1516349887232 634b8bca5c61806ff45b742b18e641d20ed2d70b 100.0
2728851 1516346602419 1516349331270 942cb470fed99da4d1202ccf5115326a00c49519 100.0
2735022 1516346602706 1516349337728 7fea63b9b4ab37823858178379693d4c2fc62fbe 100.0
2782763 1516346603589 1516349386352 b68e148085b104156b5141eea41a8f80e6b3701e 100.0
2706424 1516346604035 1516349310459 96cb07aa8988436f59505008ce71681bcc046a9f 100.0
2822975 1516346605593 1516349428568 8a4d8f77b7c771d4c79b40352aa5c41742fce75e 100.0
2740053 1516346607747 1516349347800 82e3bf09994afe678ed1a3ea7baacb28b425d72b 100.0
2707779 1516346607831 1516349315610 81b18d30c734aebff9845df6fcc987bf9654643b 100.0
3588801 1516346608195 1516350196996 01c73513d562c031190e1daca682decec85741de 100.0
2706394 1516346608226 1516349314620 867931c9f086bde470c1779478384b4d74b05503 100.0
2703249 1516346610061 1516349313310 9e5a806ed4a90d53cd001895adfdae23e1a535a9 100.0
2838648 1516346615271 1516349453919 e2386451c1e8107177e9b9db0f0f3e67b0a5fff5 100.0
3073437 1516346615290 1516349688727 03761160ed2ede78df5397dac2f8c65fb2c63fa6 100.0
2702486 1516346616884 1516349319370 4bf1f0ea7b8594f3f49d685180500313817d40d8 100.0
2777629 1516346619419 1516349397048 3e9717758836034d5f3ec6e7b4b6518b75376664 100.0
2714347 1516346620750 1516349335097 65443eb93c7b14f5410a5494f209e4ffdfadebee 100.0
2714708 1516346623772 1516349338480 32b83122d2c5af6fb80009dac5e322e04e2c8c40 100.0
2714708 1516346623772 1516349338480 32b83122d2c5af6fb80009dac5e322e04e2c8c40 100.0
2714549 1516346625334 1516349339883 201adbaac562792ed7be41fd9c802dbd60e43a70 100.0
2869519 1516346625929 1516349495448 12d60194bd40c36d51dc2c94eca8789c96e0aae9 100.0
2725514 1516346629201 1516349354715 9506b353ac6f0bad69838757c82e7884dc5065c6 100.0
2730422 1516346630106 1516349360528 f9838bc478b622e62c4409f63a071772952ffe6c 100.0
2732853 1516346631033 1516349363886 a8703c275cf849bc7ab42fa84efe62459a1b7ea0 100.0
2790487 1516346631620 1516349422107 776c60624b024744d726dda9db0220c5d414071f 100.0
2799048 1516346633064 1516349432112 c06b8d2b9f4fcb8ecfc9f877e0f5a790bddd9e53 100.0
2746630 1516346637630 1516349384260 fb5b810febc20e8a5e69098f920e984bb8b98a7c 100.0
2719767 1516346638136 1516349357903 1cb5293b273241d5fa844a10fbec591721f42582 100.0
3059911 1516346639822 1516349699733 a595913abdf3a6208ef49ad01ed660065e0300f6 100.0
2770039 1516346639835 1516349409874 8844c0474fef3ba10f328e31ba1da94be4809486 100.0
2727852 1516346640466 1516349368318 015dd0175f9c46d26d644c066737600737b847f6 100.0
2781538 1516346641818 1516349423356 4efc5cbf36e20adb8b1188aa6d482079c19e7c70 100.0
2747651 1516346644552 1516349392203 b9baa4954eef06fcc977644558a9a11cb82f1c21 100.0
2743907 1516346647569 1516349391476 feb857f09c5aa1db46f2dbb2ef56df96ff884346 100.0
2778802 1516346648917 1516349427719 adcbe79ee9c3bc3f5a143f90946ecf58913a8358 100.0
2708495 1516346650654 1516349359149 452110794d3c9dde52ac579980c8b8f8e2548861 100.0
2787567 1516346650970 1516349438537 a1fb11ea5202e4bd815761f46894a41feedcbf7a 100.0
2756125 1516346651170 1516349407295 6573b33e6841f605d732a05e73447a64b14165e9 100.0
2848948 1516346652538 1516349501486 d7b98c0410568c252ac504d80d44b84a7812e25f 100.0
2848946 1516346652540 1516349501486 d7b98c0410568c252ac504d80d44b84a7812e25f 100.0
2711688 1516346653158 1516349364846 00627ff25643084524eb0803160e5b9d934fcade 100.0
2706115 1516346654699 1516349360814 a95df59e583a4532ff1ed61a2fa3db94adbd7ad6 100.0
2706101 1516346654713 1516349360814 a95df59e583a4532ff1ed61a2fa3db94adbd7ad6 100.0
2897126 1516346655030 1516349552156 9a305fea96b2034d1740fe9be6401c55bb6129e2 100.0
2824315 1516346656695 1516349481010 f0b206ec3646d223975ad925415aac1eac212ea2 100.0
2816021 1516346657093 1516349473114 af7380e57e8a51c5919956a668fe8586a701568b 100.0
2837441 1516346657919 1516349495360 6ace2052dc6ff53e8f5645465d9a136219d267be 100.0
2837441 1516346657919 1516349495360 6ace2052dc6ff53e8f5645465d9a136219d267be 100.0
2808569 1516346682579 1516349491148 2f4deda31cdf21962695e2f20ff91b1fe063dd2f 100.0
2712386 1516346682878 1516349395264 36a3a5764e478d572bb5ad04bf595cf10426dd86 100.0
2743042 1516346683049 1516349426091 dd53c5cf8a727f9776d3a0b0cd71c57c8e20123e 100.0
2743041 1516346683050 1516349426091 dd53c5cf8a727f9776d3a0b0cd71c57c8e20123e 100.0
2743011 1516346683080 1516349426091 dd53c5cf8a727f9776d3a0b0cd71c57c8e20123e 100.0
2701743 1516346683160 1516349384903 e7173667a67edb2ce3f623e63d5986f093db772d 100.0
2712608 1516346683198 1516349395806 c4b3cd89ece8cdb27dcacc302ec2d72caadf2c5d 100.0
2712495 1516346683311 1516349395806 c4b3cd89ece8cdb27dcacc302ec2d72caadf2c5d 100.0
2742754 1516346683337 1516349426091 dd53c5cf8a727f9776d3a0b0cd71c57c8e20123e 100.0
2779788 1516346683627 1516349463415 15b71926673d02e93c250e0bb3d4537a7a5eda46 100.0
2779776 1516346683639 1516349463415 15b71926673d02e93c250e0bb3d4537a7a5eda46 100.0
2736816 1516346683862 1516349420678 68071b6374ed14b1acd435101ab149c18ea967b2 100.0
2907669 1516346684614 1516349592283 23ce7ce09856b0c5c0c779009cc9c9dc28de405d 100.0
2710400 1516346685186 1516349395586 9b8e77ef2a1c89abd3f4db91568c11c92142bb4c 100.0
2705238 1516346686060 1516349391298 0a97731cb0257675c270680f75376a099de9121f 100.0
2705235 1516346686063 1516349391298 0a97731cb0257675c270680f75376a099de9121f 100.0
2702415 1516346688413 1516349390828 d51aa150ab60709d2e4582a7822e072306d9874e 100.0
2714579 1516346693116 1516349407695 300d6159de331704d70eab615889ee0afc6b773d 100.0
2707037 1516346697554 1516349404591 844e78c52f40fd8bab9ab4b66ba73187c05473bf 100.0
2740655 1516346699338 1516349439993 92a9c4c79ed8536e1c3e12e05d94abe518069828 100.0
2895651 1516346699934 1516349595585 8159ce918d560453c84c9e00b9f0a7b7f6685675 100.0
2701181 1516346702042 1516349403223 214e8775d10181acac3ba2004a6de2ba82ab3d29 100.0
2701180 1516346702043 1516349403223 214e8775d10181acac3ba2004a6de2ba82ab3d29 100.0
3493707 1516346704008 1516350197715 ad1ddfb4e6b25ac815802404f710be95bd11a26d 100.0
2709346 1516346704193 1516349413539 c28cc1839d8a5a73a100e794553fc57b868e5f04 100.0
2735300 1516346705067 1516349440367 4b30797524be08662ccaf8fe181e2b81cfe81d3e 100.0
2707555 1516346705533 1516349413088 5b6af06aeca7b1683aced412ac90025fb96c5e77 100.0
2716937 1516346706433 1516349423370 33f1cdb039714f5e0f40ba5c67af9152ad3d8563 100.0
2705518 1516346706986 1516349412504 4447721a1c635d65c44b5670d92f7bc0020f3ab4 100.0
2729368 1516346715081 1516349444449 7c727251cdc73a9b0309b72b7b1db11b2774fe91 100.0
2708292 1516346716440 1516349424732 3d6fa30e75fcee4434d7c3700dfd98d952c01501 100.0
3049303 1516346718115 1516349767418 e9f197416ffa6c60a8438c341fc183f65f7fd5d4 100.0
2713189 1516346718350 1516349431539 d87954f527b90fedb7e7628467f467fc064e9796 100.0
2771792 1516346719895 1516349491687 ae200a011f74a5abae552d6bee75aa7beaeae555 100.0
2771792 1516346719895 1516349491687 ae200a011f74a5abae552d6bee75aa7beaeae555 100.0
2781226 1516346722668 1516349503894 03e527d7b466abb82257b617097b2a38791f1e71 100.0
2767651 1516346724855 1516349492506 b4288dda21850efc35f2bcca37e0bc3923b34f4b 100.0
3267429 1516346725607 1516349993036 18ed7c44779b0893137e8fcb52c76489861c1a1d 100.0
3461463 1516346727130 1516350188593 d15f86f4836e7d310eb5cf9fe770102047c2a72f 100.0
2716541 1516346727132 1516349443673 b9cae726a95f0cec64f15e928bc16385a4418ce0 100.0
2713912 1516346727898 1516349441810 ac78d23ff846e777d767b4857158de985990ba52 100.0
2716853 1516346731688 1516349448541 a3eabb693d7187717a2c9bbb5a0e604dc1b921f6 100.0
2738328 1516346733942 1516349472270 e54eb711285ccad880b6b65541fe05320cc148db 100.0
2966132 1516346737380 1516349703512 6b1f1c8fba91a52d1f8e658938b520f456b99532 100.0
2966694 1516346738881 1516349705575 a2aef08aa8afe8818f1188ec6b89345c4b9691a6 100.0
3421039 1516346763829 1516350184868 72a22619c81fd5a3db3871a854ab32a38d16c2ea 100.0
2741098 1516346765526 1516349506624 c197508f8545a289cd4c29c3eaf84696a8ddc0a4 100.0
2743371 1516346765560 1516349508931 486ad436311f37d345cce6be75f9b63f7aada3e3 100.0
2746283 1516346769530 1516349515813 9e38b67d018ff8fff088b3a06502ea2fa8c1a134 100.0
2726335 1516346769886 1516349496221 c4b438f87ab66cee6e9134c4c4a11c42b2d6daa4 100.0
2721503 1516346769871 1516349491374 aad3ce13e2212f9f897321b315501af1f7445518 100.0
2721216 1516346770158 1516349491374 aad3ce13e2212f9f897321b315501af1f7445518 100.0
2738548 1516346771245 1516349509793 64ef25ed5f49676a6d215673693a1bc442c9bb7a 100.0
2773396 1516346771292 1516349544688 e578ffe8f36233eaf3e4361be25e7b65fedca7f2 100.0
2720935 1516346771593 1516349492528 5b34ad9fc11d8ac86f6eea0ba1daf34c7f8ecd60 100.0
2790418 1516346771975 1516349562393 13bc013f715c459851c320fe5e5a8737ff8e8b6c 100.0
2718826 1516346771989 1516349490815 9485deb357827179cd6234792d58f63c541bb3e7 100.0
2718554 1516346772261 1516349490815 9485deb357827179cd6234792d58f63c541bb3e7 100.0
2798266 1516346772861 1516349571127 d8f320e0108ab1f939a7d82da7db501e4449fdcc 100.0
2750296 1516346773895 1516349524191 3139e86736a5ed57807329a011584cbd39b1be05 100.0
2715245 1516346773965 1516349489210 7698e00df26841e8ee834352e88d7d8b22d3f8be 100.0
2723757 1516346774664 1516349498421 c4e4ec124fdbb09539369ec2b8c7a9394324a693 100.0
2709867 1516346774698 1516349484565 daead191dd138fc13a3b015d8446b0d1b2b8b985 100.0
2709863 1516346774702 1516349484565 daead191dd138fc13a3b015d8446b0d1b2b8b985 100.0
3598088 1516346776505 1516350374593 b4b136f74ad8268bdc9bc91392616b113a0996fa 100.0
2708100 1516346777059 1516349485159 c50f0013841dafb26db562ded08e20d5144d7163 100.0
2766759 1516346777210 1516349543969 01b5087c71e4af747af3a312db679db54e709df5 100.0
3596295 1516346778668 1516350374963 31e2e5780ee6c14eaf2fa1e5050fe9de6e9caec9 100.0
2719371 1516346779006 1516349498377 ba4f452fbcf59557b6591acc55188bdad44a66e0 100.0
2714514 1516346779868 1516349494382 81d8427c5f6ac042721aa1bd2ab6183f5c322018 100.0
3317796 1516346780267 1516350098063 547fddf7d470f573bb067be1db9576ededf20123 100.0
3317794 1516346780269 1516350098063 547fddf7d470f573bb067be1db9576ededf20123 100.0
2712366 1516346781434 1516349493800 8f34894b8361280aa07ec6a14c6c7389c49bd5be 100.0
2712364 1516346781436 1516349493800 8f34894b8361280aa07ec6a14c6c7389c49bd5be 100.0
3595869 1516346781662 1516350377531 d04500da442e45d510582da6b6bcbd5572b4ce5b 100.0
2751204 1516346782006 1516349533210 7e0a1f94bbd5e8fdcd284d22eb528cf0ee1b93ff 100.0
2745142 1516346782836 1516349527978 55fb366fb852ef07a650f9feb86c6bd324c32514 100.0
3594221 1516346783310 1516350377531 30d65aac37bb304f2996dccdaf68e5da172b7f26 100.0
2716268 1516346783617 1516349499885 d70a773bb6be9ac273f34d7d670a485fd6468655 100.0
2716268 1516346783617 1516349499885 d70a773bb6be9ac273f34d7d670a485fd6468655 100.0
3588602 1516346785977 1516350374579 8eda743ec90b848f56b96946d255934ba3d0a60c 100.0
3101348 1516346786363 1516349887711 a1083df346b02e1b48d9d294d64996067c4307b8 100.0
2703996 1516346786561 1516349490557 f903d9b63be4a8fd20d675228d94ba5b7faa90dd 100.0
2733994 1516346786718 1516349520712 f46fa782753801296032d00e7276c122413d6771 100.0
2706173 1516346787330 1516349493503 347c1b5018fdaf34e202d232579c7d5b2cc80492 100.0
2724198 1516346787829 1516349512027 f6cd0fb70b9bf4561adfac4d8ed2444e3772fbb5 100.0
2704266 1516346788766 1516349493032 38f99af1cfc3994bb4126144919b7d702f1f86f6 100.0
2744990 1516346788978 1516349533968 59c855a68f66907af937f5f5c5d1b9c11d543151 100.0
3585264 1516346789126 1516350374390 07a7ceda26f4bfc89380e4beb9ed8397770976bf 100.0
2758602 1516346789258 1516349547860 3d329cfe825433a26bacbda99b219500cb0526e1 100.0
2750801 1516346789578 1516349540379 59057138dbcbb2e5d8a6e090365852626d57ec18 100.0
3293129 1516346789655 1516350082784 7fd42a1488fa0883769cac4f722ae090dfa47e79 100.0
2725294 1516346790894 1516349516188 c492c7a59ee350234c713d61afe7c5293ce03166 100.0
2725859 1516346791116 1516349516975 31bb05895a4955e5c49a97cbd761d04d26455146 100.0
2895144 1516346796752 1516349691896 da87ee30d4bf827cec56853891198e40381317eb 100.0
2703187 1516346798383 1516349501570 ba64ff7a2cb366c4fd3f382d6ca45c16a32a7802 100.0
2736688 1516346801479 1516349538167 2a010209b55961ec6882903a4e0e60196529224a 100.0
2702106 1516346804567 1516349506673 7b8a26139e66131f73b936d03369e8d5d546cac8 100.0
2709510 1516346805141 1516349514651 2c9e470ec54fc45f80b7b36e87e84fc4c95ca93a 100.0
2725405 1516346806320 1516349531725 02f6c63e8f334ea2e56d8ca2ddf7b48fa36cdb6d 100.0
2719873 1516346806515 1516349526388 4b999d0ff1b16d8536db100c1c29c5717cd89ac2 100.0
2871451 1516346808312 1516349679763 e4febfa56672b50e2557af73c5b223120ce6c469 100.0
3379263 1516346809327 1516350188590 70e452f78be79c4bd4696da77ac96e5a4a6680ab 100.0
2729318 1516346811352 1516349540670 62efe2c8f6e3f464e2f72bbb854e74b2627e1c49 100.0
2729318 1516346811352 1516349540670 62efe2c8f6e3f464e2f72bbb854e74b2627e1c49 100.0
2724914 1516346811789 1516349536703 abd7cf0a52c1b2711e218f4adcadcb01dc7b8c8b 100.0
3562693 1516346812267 1516350374960 b9dba1c4f3a13bdb858d53f607d37ad0ada30515 100.0
2761449 1516346832684 1516349594133 111c81a83b4d345a069372add502ccf46efe98bd 100.0
2703795 1516346832689 1516349536484 70d80a2c7bae9f2049c89f4717bcfe3264ad7e6d 100.0
3363661 1516346833500 1516350197161 095251a6e2215e522b5f3061e96868333eabe8c1 100.0
2718766 1516346835295 1516349554061 8df00e07929ef9cddc01c002fa9496b9dd855d4a 100.0
2729176 1516346836180 1516349565356 5e9437d433ced15b4afd1ea931ba693bf9dbe6f9 100.0
2715169 1516346837237 1516349552406 d7285992ef3aaed4590a8e7178d48665f1e2b8c9 100.0
2718793 1516346838298 1516349557091 1e9f5c64b3d859c4f6b991fcb9a8d03f188f55d7 100.0
2734760 1516346838625 1516349573385 4b064a4962b35d81a6d2fd145c5e0549b5b007e8 100.0
2849111 1516346839007 1516349688118 3f28b419eb82698e8ee167d62a3892a6831f32cb 100.0
2758386 1516346839631 1516349598017 8ef95f9cf454aee0fbf2fcceea3696f3820fc296 100.0
2714770 1516346839716 1516349554486 83548ad4832a728a99a9b9122d687c0ac9eaae23 100.0
2756217 1516346841497 1516349597714 5aedf1e5bb8d9ba983ff8a76a54f4d8367b2da2c 100.0
2704870 1516346844177 1516349549047 649542f5b0472991eb0662e95fd0cc31df27aa2c 100.0
2726581 1516346844319 1516349570900 10f0bf952ad0f207e6c63e45091f3abd1165de0c 100.0
2720867 1516346847249 1516349568116 db1aa6ff24bf72221a0c0ec113c5483a1e7aed64 100.0
2777072 1516346848328 1516349625400 9085c107c5b948968b46377098cd222a41a644cc 100.0
3525543 1516346849093 1516350374636 b23c7363217519aaa087e86ade40c11b692fddf7 100.0
2778412 1516346849486 1516349627898 b5e9a750d6ae833f9d2b7766fb0629b18d9cef5b 100.0
3037245 1516346849871 1516349887116 b372d66198aba3d4c7813395953f3d1b1be20fc3 100.0
2718184 1516346849939 1516349568123 82112a370793b41b0e98891fcd8372727eabaa3c 100.0
3037178 1516346849938 1516349887116 b372d66198aba3d4c7813395953f3d1b1be20fc3 100.0
2745879 1516346853087 1516349598966 43dd04aa2147642ed201b787cd84b6b19a5b038e 100.0
2745256 1516346853710 1516349598966 43dd04aa2147642ed201b787cd84b6b19a5b038e 100.0
2745067 1516346853899 1516349598966 43dd04aa2147642ed201b787cd84b6b19a5b038e 100.0
2740748 1516346854605 1516349595353 c3492da46df618b56e1ab5d3b22f10eb36192cf8 100.0
2716142 1516346856360 1516349572502 2d004d5b0577cb16ef96835787d16453786fe689 100.0
2750690 1516346857327 1516349608017 c732e332baf0f7483f5844ec3bef7b76fcd72b34 100.0
3520300 1516346857412 1516350377712 e6778be3dc6387425a830282746e0dba9e184565 100.0
3096974 1516346857895 1516349954869 b3bc509210745c82af66a6a19a2a3837fc516dc7 100.0
2811706 1516346858557 1516349670263 09660865b32662309bb0ab5ef8dae39e62ebc6b5 100.0
2735569 1516346858560 1516349594129 6059acc2843c8036e19b053de0efba748ddedcb3 100.0
3022415 1516346858903 1516349881318 3c1370e621bc69b7002ba6500525349456bfc9fc 100.0
2811200 1516346859063 1516349670263 09660865b32662309bb0ab5ef8dae39e62ebc6b5 100.0
3518337 1516346859179 1516350377516 0dc75fd16cb358dbc1e4da5ab050b973c9aaad61 100.0
3518027 1516346859489 1516350377516 0dc75fd16cb358dbc1e4da5ab050b973c9aaad61 100.0
2770117 1516346859577 1516349629694 1cdf54cbfea0ba3689be7257d4e927af350a444d 100.0
2770352 1516346859675 1516349630027 2855bc8cbab8275b82900eef26e67ded527ea53e 100.0
2767849 1516346859917 1516349627766 38119f721805eeb3ab9ab5320f6557c70e072173 100.0
2842565 1516346861256 1516349703821 644694d3da47e13845911a653021d4054425a771 100.0
2732791 1516346862276 1516349595067 19d403747a8b23c58e130db3403f2668a66b02ab 100.0
2760692 1516346862777 1516349623469 f2f84a087aaa936d2eb473b5591582e8fe841705 100.0
2741972 1516346864184 1516349606156 f8ccfe6be1853f5abb29c7010d36439638257ea6 100.0
3595911 1516346865275 1516350461186 0dc75fd16cb358dbc1e4da5ab050b973c9aaad61 100.0
3595909 1516346865277 1516350461186 0dc75fd16cb358dbc1e4da5ab050b973c9aaad61 100.0
2721522 1516346868981 1516349590503 2a3c18f53a5267f543457a5e4df587a07696c662 100.0
2721517 1516346868986 1516349590503 2a3c18f53a5267f543457a5e4df587a07696c662 100.0
2836181 1516346869384 1516349705565 8886702b597feba3d987cdea63eb779971aa427c 100.0
3593523 1516346870363 1516350463886 6c91f2ded15dccc24eac8915debbc7600a5768ae 100.0
2836092 1516346871005 1516349707097 ac5a64070ae88a95b488412e23196a9133e7297a 100.0
2704432 1516346872383 1516349576815 0df4af70d468f5c564b675984f40f037f950b938 100.0
2765808 1516346872610 1516349638418 2c1c8fc4ae94b6260ddad1a1cc0d5639d1f68b9b 100.0
2700973 1516346873037 1516349574010 97023af8d2338a38432f9fc898a7d3810817f910 100.0
2700949 1516346873061 1516349574010 97023af8d2338a38432f9fc898a7d3810817f910 100.0
2743262 1516346874272 1516349617534 bbebb7afb1efb93c629b54668c58b87aa94e431c 100.0
2732719 1516346878808 1516349611527 9312666ef0edd5df38fe2c987d0c866345e7e825 100.0
2700716 1516346880217 1516349580933 b70e412e49d8154c224bf65767291877663c3a99 100.0
2709543 1516346880641 1516349590184 e8ceb1acb8505d9c4f3b6804cc7d4417242388ae 100.0
2702423 1516346905598 1516349608021 17cd718d6c0e81d2afc26a0aebb2b165ceb84bb3 100.0
2710618 1516346905799 1516349616417 1125f88ba1a4068208f7e2c0897fc5a4e0b7c5f3 100.0
2727708 1516346906718 1516349634426 c986079e5239b06e318a2be035f83d42b115000b 100.0
3469151 1516346909777 1516350378928 3e9717758836034d5f3ec6e7b4b6518b75376664 100.0
2710829 1516346914378 1516349625207 f71aac0dd5b2bb4d08c3e9aa0a64f9e2a5596383 100.0
2708054 1516346914629 1516349622683 01f1234f0999fdbe418222db8bff406c45492624 100.0
2707429 1516346914697 1516349622126 ffc91b3ba335df3c60b3e628645949ebbd95c3fc 100.0
2785710 1516346917097 1516349702807 03bf03ae1ff14d68ba54cce120db9e450edc0bab 100.0
2793837 1516346921509 1516349715346 e776e348ee90c45fd55ea3baf825a30c9b4ad979 100.0
2744825 1516346921927 1516349666752 4284d9ea13b71dd4a6b25e430dd5ddb43a040ce3 100.0
2745198 1516346928534 1516349673732 646e29994d43c27e7c18c0d56c5f31306c40a376 100.0
3434048 1516346936707 1516350370755 5f51b19ec8de25ec945ee0bfc7f923670d6945df 100.0
2710538 1516346937241 1516349647779 8f6bf820ddb6a4b521aa775c2a1c9132dfbd4271 100.0
2714118 1516346937818 1516349651936 d9b546559409fcda9e472e2f5f11bf5575f8370c 100.0
2705435 1516346937923 1516349643358 1c81b0a903b60311b5bb4733bc59b6537387105e 100.0
2847450 1516346938086 1516349785536 4b161b46dee0627d03bcd7775684d01de929e21a 100.0
2704797 1516346938110 1516349642907 c9206bc1a4592771e01d9131ee87e08da33bf727 100.0
2713207 1516346940094 1516349653301 407c4d20c7c79141586489a5ad5792f23f10eb8b 100.0
2704045 1516346940378 1516349644423 a7a0ce17b638caa23d31d9a281783b311506402c 100.0
2750423 1516346940703 1516349691126 afdd8d951908555fb095a451489679aa9b6a16b7 100.0
2737656 1516346941146 1516349678802 6e78fb4ef72b84426ca5d1408301c3373d457836 100.0
2845364 1516346941287 1516349786651 dd59e13d1a6b705efe13868048d1f0b97e8a59ca 100.0
2747102 1516346941483 1516349688585 8253dcfd9b8f1370bae19795ef49b9e087d3aa6e 100.0
2703360 1516346941868 1516349645228 addfb320a84bc8e94ae401745048536ae45b1a2d 100.0
2702321 1516346941938 1516349644259 f8d56d9f4f11e2f67192e204cc69de632277d478 100.0
2702319 1516346941940 1516349644259 f8d56d9f4f11e2f67192e204cc69de632277d478 100.0
2741918 1516346942307 1516349684225 56775d8225874863ca6e52a5998235eb690596c3 100.0
2709061 1516346942361 1516349651422 87c54bab98a97cde3295dd85c1ed5be1facc7ffa 100.0
2785136 1516346943261 1516349728397 20bdcbe87f69a61bc8b43b5f66cdcfee0ec77e95 100.0
3049129 1516346943265 1516349992394 b4ad845284d673811e5787397c0477835372b4e2 100.0
2750797 1516346943372 1516349694169 c4216fe5e0a10eb92cc2f12f3b78c47abbbf6852 100.0
2728986 1516346945747 1516349674733 ade1eb05f764d7dc07d72905f46f394992fad3d8 100.0
2728985 1516346945748 1516349674733 ade1eb05f764d7dc07d72905f46f394992fad3d8 100.0
2701865 1516346947008 1516349648873 ee6e19df4ce12fc091bdcde6451cf8e2b89493c3 100.0
2701858 1516346947015 1516349648873 ee6e19df4ce12fc091bdcde6451cf8e2b89493c3 100.0
2701854 1516346947019 1516349648873 ee6e19df4ce12fc091bdcde6451cf8e2b89493c3 100.0
2701853 1516346947020 1516349648873 ee6e19df4ce12fc091bdcde6451cf8e2b89493c3 100.0
2701822 1516346947051 1516349648873 ee6e19df4ce12fc091bdcde6451cf8e2b89493c3 100.0
2756778 1516346948312 1516349705090 3455511978f727d6c17cac08405966fcbd0c2b41 100.0
3424852 1516346949823 1516350374675 54b574bfe67528f3b250b93c22368a4fad3bac0a 100.0
2777829 1516346950306 1516349728135 f5701bf26141a528f273415ad1c964c1372c5ecd 100.0
2700204 1516346950376 1516349650580 929cacad8251f512fe3d300fd9c84ac79b007595 100.0
3068137 1516346950381 1516350018518 a300abfa245609ae0e25a65472db843a411524d5 100.0
2720462 1516346963456 1516349683918 4b3bd2ca2e3ea93b58f3bde27d80d23d3313ae8a 100.0
3599206 1516346963473 1516350562679 c85ec6b8504fb4c0adf98c875909c422ebca12c6 100.0
2809711 1516346973364 1516349783075 41c8feef24d319e00691e4b6b903064731329360 100.0
2793666 1516346973433 1516349767099 7e45b6812e5b0a5b780c8167205205e2020a75eb 100.0
3490686 1516346973942 1516350464628 fcae5924d22a3d7d13296e381af27aa1b6a06b8c 100.0
2707634 1516346976961 1516349684595 fd3a6cdbb5a8be1cdfdad443b7dd0de2141eb79e 100.0
2712197 1516346979591 1516349691788 769c79a51d41a3693c1014cc4432b4ed8f5b9d4b 100.0
2727798 1516346984827 1516349712625 09bb85508241797b32bd27c455de696c33d9ad11 100.0
2768128 1516346985342 1516349753470 1597e655432d7eb03e79a07bbd5c6679d9504da6 100.0
2704502 1516346990405 1516349694907 cb8f68bc883d88313be64115d4f0f5dae35dd6b3 100.0
2721140 1516346991923 1516349713063 41eb85234253b4a2513244715e62d99f2483a432 100.0
2734888 1516346991936 1516349726824 9622b82ecbd80982dc87f14ca2d65486ccff73eb 100.0
3575526 1516346992959 1516350568485 e0f05bf230d2f8fdb14d38314e468060df78ab27 100.0
2724836 1516346996066 1516349720902 fb29513a8bee2c3ac664cde9ab356fa01f380b7b 100.0
2704240 1516346996166 1516349700406 467459f1f43fd25195c9278dc9ea33c90fb2e4bf 100.0
2951700 1516346996316 1516349948016 0a13629245191fccd256005f65f6b37e232baf1d 100.0
2709405 1516346997661 1516349707066 108dcf188434b45fbf4af9c552fc00ac086be099 100.0
2709397 1516346997669 1516349707066 108dcf188434b45fbf4af9c552fc00ac086be099 100.0
2776188 1516346998773 1516349774961 b0b69d2b24bd9fd99e9e74cc9dbf661c8df56a39 100.0
2789743 1516346999214 1516349788957 e5bf562d8e81fc5d0cfd4d5621656f0b26da7d63 100.0
3185440 1516346999450 1516350184890 9f2ca3c1becda6351f4b924bd7db59b0f0856ca4 100.0
2720468 1516346999958 1516349720426 3c0066e22f6ca3634fd875221a873277c7bb14aa 100.0
2720467 1516346999959 1516349720426 3c0066e22f6ca3634fd875221a873277c7bb14aa 100.0
2775078 1516347001481 1516349776559 f1911a3c20ec2ee36261f939ef6f7a5c730bcf51 100.0
2708629 1516347004502 1516349713131 5c78d9dc50dcefebc32f12a4836a7cde98262696 100.0
2727704 1516347006119 1516349733823 a2bd54b3748be73b513eb1171b09a7fea9f31ef8 100.0
2715481 1516347009566 1516349725047 0b82cdc9cca4e2b263ccbbe6c65449eecc2219ae 100.0
3556539 1516347011992 1516350568531 2645bd43330e2019d856e96eb9505d31de9748f1 100.0
2734171 1516347012212 1516349746383 613ed7fef060f98688035ce74293d153f35636bc 100.0
2737573 1516347013028 1516349750601 e0007e7b8a74af9863d55c20eb7e613da44419b9 100.0
2737571 1516347013030 1516349750601 e0007e7b8a74af9863d55c20eb7e613da44419b9 100.0
2726208 1516347013163 1516349739371 1cc725111a1916279197b3b3ad7185e68e24fb1b 100.0
2709397 1516347013401 1516349722798 43dc2881a004402e4078f6fb2420a06957dc5031 100.0
2709396 1516347013402 1516349722798 43dc2881a004402e4078f6fb2420a06957dc5031 100.0
2704607 1516347013607 1516349718214 76d180a3ecb985150af534c9a037f718e20dbce4 100.0
2826898 1516347013939 1516349840837 63e37d706de6f798bbe75a23b0f3d29e68e922c2 100.0
2702225 1516347014814 1516349717039 91c7c5740c9909aedcbb27c6869bda608a2ab920 100.0
2702225 1516347014814 1516349717039 91c7c5740c9909aedcbb27c6869bda608a2ab920 100.0
2751360 1516347017326 1516349768686 62734d440d1323558194e4ec658a7b5b4a57a43d 100.0
2706896 1516347020277 1516349727173 4fe44c21e4758e46a674a71938696bea8fe62a10 100.0
2708660 1516347020369 1516349729029 eb9e5344bb472b38661eece83977b0797d0dbd09 100.0
2730661 1516347022684 1516349753345 fa584befe5d7c76375f2ee69554a932f96c7fe1f 100.0
2749494 1516347025851 1516349775345 bc1dbfe751cb54202eed84e1c5bf70298a6baa72 100.0
2771512 1516347028141 1516349799653 dc86e64fdba2a5b32f5d36f2a7f46a93d3730b8d 100.0
2737381 1516347028246 1516349765627 cc0afef6ef0772ffafa6d71775490e90e4da2514 100.0
2704687 1516347028360 1516349733047 b9e803f4da6791741a78b0586d59bc85c2317ef3 100.0
3051800 1516347031042 1516350082842 25cd6aaab3045cf5ba62257576bf5cc74341bd01 100.0
2705506 1516347032022 1516349737528 cd34b5d87009543e70a076a3026c5cbb606add5e 100.0
2760744 1516347035832 1516349796576 a5d7663872ad1c7b90af73605d71221fef14a0cd 100.0
2735561 1516347039399 1516349774960 956f8be81d83d3c1f52b5f206924276a96aac5cd 100.0
3599353 1516347056161 1516350655514 6f03b5c30fcb742d8129baed01a171aaa0a7f303 100.0
2827975 1516347056301 1516349884276 4370878298092d278199d7fc8a6dec8f98a71930 100.0
2827953 1516347056323 1516349884276 4370878298092d278199d7fc8a6dec8f98a71930 100.0
2744574 1516347056417 1516349800991 59075de699f86527651056c68875c63cc1116f9c 100.0
2758804 1516347056537 1516349815341 1b18642135a9bef6ff4f0ce4ecbf03fcb3bb529e 100.0
2769530 1516347063000 1516349832530 18c6fe630e6342a15bd38aae31dd2f633b53d16e 100.0
3310827 1516347063544 1516350374371 4a684e7c2b3752d1197e0dad267256be2378d7a6 100.0
3310758 1516347063613 1516350374371 4a684e7c2b3752d1197e0dad267256be2378d7a6 100.0
3500161 1516347063663 1516350563824 6dc8a13e4f7cfc61bd4a6d0000356cabd2b7e756 100.0
2715569 1516347064715 1516349780284 6a39a4cd8d587ee20e8520b1942e2b26176f21ec 100.0
2717801 1516347064801 1516349782602 50ccfe828251d368b6da530a914bb139746e9c21 100.0
2729898 1516347068874 1516349798772 8ef2948f115bbdea0aab37d149ff94a00de6fb55 100.0
2729897 1516347068875 1516349798772 8ef2948f115bbdea0aab37d149ff94a00de6fb55 100.0
2717406 1516347069456 1516349786862 01b1e7642444a8b71417e7acec6b99ccfadd2220 100.0
2717405 1516347069457 1516349786862 01b1e7642444a8b71417e7acec6b99ccfadd2220 100.0
3585879 1516347069704 1516350655583 a72865aba5e4afc1bd98574074bf6a37749369a0 100.0
2706906 1516347069755 1516349776661 5bbf98d882a483feffaae16041a1590ce5ed4aa7 100.0
2728849 1516347070546 1516349799395 9fba95b2e4a88d43bec21540adfd971ba43e1966 100.0
2722568 1516347073788 1516349796356 cc0d0ec5d8aa7f7b02bc468a3fafc97b8c789c4c 100.0
2707051 1516347074292 1516349781343 6d857d201e94645950d6d50d33c26a05d1a5a574 100.0
2718173 1516347074639 1516349792812 3827e0a8f4a5b8c4fd95a051a67e3d2d35606ff9 100.0
2718173 1516347074639 1516349792812 3827e0a8f4a5b8c4fd95a051a67e3d2d35606ff9 100.0
3577719 1516347077801 1516350655520 bb1e60ed3dce53b6c8891c29ef55c7bb624badd2 100.0
2718390 1516347078671 1516349797061 2bc406783ad9d4f2004033ec57e162d68df7cb02 100.0
2913130 1516347079781 1516349992911 ba970dce9d7eac6f51149cf526e6af5b469a1aaf 100.0
2719286 1516347080086 1516349799372 85e1a6760f561e6703c8e02b4d98e13eff7e99ec 100.0
2712302 1516347082843 1516349795145 1b76a0bf47fe23075dda514ef328041dfe70b6c9 100.0
2757096 1516347087116 1516349844212 530257e7faeab484548783296b1b5f6c8db31773 100.0
2717847 1516347087469 1516349805316 bde95c095aa78e92b5dd20055d553518a57995b2 100.0
3289702 1516347087769 1516350377471 407448a6bc4f52ed1325e99a01108f255bfecaf8 100.0
2700034 1516347090650 1516349790684 f245fb5af671b2a21d6cbfda760b59c3e3a76b19 100.0
2905385 1516347090782 1516349996167 3554a5ebd999f0e4c056fc81c3d2e907b1149281 100.0
3471377 1516347091339 1516350562716 a2dbcb6451290154368adb963b29c07d51a747e9 100.0
2701040 1516347095867 1516349796907 a534e9c13f2a9dc43b927f30f2901a600d4ec230 100.0
3575526 1516347096124 1516350671650 92b3fcf1332391e8ef59fa6f3eb216dff2921dc4 100.0
3571238 1516347100463 1516350671701 582342848cb1575797f686e05dcbe03be797649f 100.0
2715561 1516347100751 1516349816312 edc5b9bb541b3855e6f4484a6a444425a62c69de 100.0
2716686 1516347107279 1516349823965 b94ce336b7774d1fbd9a3ebd29a0cfe9995b54c9 100.0
2711490 1516347109532 1516349821022 7a4e330f0d85553115568eb73c05583ad8195f73 100.0
2781486 1516347109667 1516349891153 11026d46be03ec20f6b3e1a1dfb67120fb304414 100.0
2781485 1516347109668 1516349891153 11026d46be03ec20f6b3e1a1dfb67120fb304414 100.0
2700743 1516347110434 1516349811177 3d0f38f92c797af7b2483d39df076d06ef877f4b 100.0
2704681 1516347111065 1516349815746 c739e8c83a16726f9dfbe495a71e5fe3f6238afb 100.0
2716460 1516347115057 1516349831517 590623dc1043af35e923960b1f35cefd06fa26b2 100.0
2716460 1516347115057 1516349831517 590623dc1043af35e923960b1f35cefd06fa26b2 100.0
2716459 1516347115058 1516349831517 590623dc1043af35e923960b1f35cefd06fa26b2 100.0
2737886 1516347116069 1516349853955 25e4d09a1c23065bd0edd2ac525588bc3c240282 100.0
2726288 1516347117342 1516349843630 78ffc5f250df653618c717f881a4dae5e5119099 100.0
2746690 1516347117590 1516349864280 a1801c70d8111acd1475e47369ba12f934034aa0 100.0
2789784 1516347119838 1516349909622 09b57d314b435a1b10aaf4d03289837d08fd4566 100.0
2960816 1516347121955 1516350082771 60c13b98656528318a6cda6f2f70d0705d7788d9 100.0
2752306 1516347126490 1516349878796 5c10e1710ef85a64665382a207bc93b77b501ef4 100.0
2731288 1516347129160 1516349860448 815b88dee3dfa63b959bc9a7911a1e0cfc4ca54d 100.0
2702741 1516347129700 1516349832441 ed511599ecb461b54643230a8ea03d6a87aacd8d 100.0
2737936 1516347130403 1516349868339 220d7567aa32a9b4deb9960c239e096a25ca8891 100.0
2706940 1516347143485 1516349850425 1cd03cc9ba4a4d47758ec63d98c2401281903198 100.0
2948343 1516347157492 1516350105835 61b6e86ec88aef6c82385cc436e1dedbdb3d09b8 100.0
3216974 1516347157857 1516350374831 6b18b8156227ea66b243537e9e10a6146e0eb739 100.0
2718915 1516347159871 1516349878786 1be2514903d1fd364cb93e57fc3c792aaa06030f 100.0
2761459 1516347160807 1516349922266 fba57fc46081e79fe66ed21fa2d62c9ffb039555 100.0
2700913 1516347162068 1516349862981 ff88a065c16c9c5bdef79fd2be79991c2534c2e8 100.0
2700906 1516347162075 1516349862981 ff88a065c16c9c5bdef79fd2be79991c2534c2e8 100.0
2809163 1516347162505 1516349971668 c5c2608a697c2b0acbae215b5bfcb9eaafa29b62 100.0
2924279 1516347163846 1516350088125 3f707d136342063b31c2de2084106614cf2a4a8f 100.0
2750681 1516347165026 1516349915707 2644b6d9e6e3056dbf5d9470252c8f0a66dc7b6d 100.0
2701667 1516347165181 1516349866848 a62868bb89aecba3005c67a9a39e83f31029d47c 100.0
2700070 1516347167096 1516349867166 0105542760d9d537c97d2974cd657625f8947f49 100.0
2700070 1516347167096 1516349867166 0105542760d9d537c97d2974cd657625f8947f49 100.0
2716770 1516347167327 1516349884097 702f87bbdf6c9d42206ed77e74c35e94aa550fd3 100.0
2719439 1516347168725 1516349888164 1e26e176fb098dc999f874c5cbb6536fa3fd1e16 100.0
2764277 1516347169131 1516349933408 fc24aaf8f1779eb7bd53d3214e645f6b98d26822 100.0
2753967 1516347169856 1516349923823 75d308ebcadda19554c94a45faf3589c6dfa560e 100.0
2749945 1516347171473 1516349921418 a6e0aff98057914a68771fce05fc24784c738c8c 100.0
2710526 1516347172524 1516349883050 565ee49057b7e116db2447480aff8156c0195d94 100.0
2822695 1516347173233 1516349995928 e25bc90ab2dd3fe3710e79e41d96ad754d49544d 100.0
2712807 1516347175033 1516349887840 ca8baa2c15c4573b650c27138dfaf49622620fe5 100.0
2702705 1516347176436 1516349879141 2c239eb5058d779a27093170ee604cc82a858ab4 100.0
2707041 1516347176976 1516349884017 353df6fbb5a941ecc926a77342b886d1665fc772 100.0
2708849 1516347177130 1516349885979 83c10db744c554903ab97d815d1cba8552fb81fc 100.0
2760747 1516347180621 1516349941368 9eee41d680359557b36544ef9149e27b5eadfced 100.0
2777485 1516347182212 1516349959697 a98b71ba0087644d7606f2b34c1e804679eab16d 100.0
2798609 1516347183293 1516349981902 0cfbe25def8dd0c6948f379dca4aea9da621867b 100.0
2733597 1516347184798 1516349918395 7962d5e446010552650ffb7f14bb2d6d29e6e234 100.0
2763819 1516347185384 1516349949203 eb8454a98552770cab2e3b629892eb296c5feeca 100.0
2713769 1516347186898 1516349900667 b7b0bbbb4297ed4f16f59da906804f2dddd039f3 100.0
2746743 1516347189201 1516349935944 0fbdef83c1e4d60150e5dc275175cd6eb1b463f8 100.0
2746739 1516347189205 1516349935944 0fbdef83c1e4d60150e5dc275175cd6eb1b463f8 100.0
2764132 1516347189551 1516349953683 98872d26cd18894e0e32fdec01250e04bddfe14c 100.0
2750619 1516347190369 1516349940988 1e4be949d6d4b3855e262db2e91f32b957bb1be5 100.0
2816083 1516347191972 1516350008055 9e3a3bf63b6ed829c54497fe28a475d3a5587758 100.0
2990047 1516347194909 1516350184956 749bfbad33fd3ab1ebd531048560d9cc442033ef 100.0
2751968 1516347198229 1516349950197 e5f052485cb0bf622f81451d7f1948d34b805d2e 100.0
3268944 1516347198343 1516350467287 d40d2e7e8246293b2a42992c4da6add4adf60dbc 100.0
2744476 1516347200462 1516349944938 2c8ae80d792fe6716529f43c8e4b866a65b1b131 100.0
2724394 1516347201366 1516349925760 1e8a5eb86fd4162a63d6c2cb47de96f58f754c94 100.0
2705747 1516347202320 1516349908067 16b52717829d5a3c0db1b636edf29a434e950499 100.0
2827517 1516347202919 1516350030436 87e6e9cba6d196f396fb21ca9c57cf28477caabc 100.0
2723445 1516347204675 1516349928120 2030bfe57a08e2e9fce585ba524631684397127d 100.0
2745826 1516347208805 1516349954631 ae758ad31dfcc1a73cba96b55ecf1de711341171 100.0
2715003 1516347214475 1516349929478 70bfb593bb56633f2f3a3b876fb50e1d940f5c51 100.0
2763020 1516347241456 1516350004476 a93c2f3870cd6623cdc853f248920fffa5b5d20c 100.0
3133188 1516347241769 1516350374957 72a7a15ce5e18d4456a8477663d6ae06f0da4ea8 100.0
2948614 1516347241819 1516350190433 77b2d3ab6a5830bb5fbdc83796a0f81318902db8 100.0
2809587 1516347243165 1516350052752 737f3d4307734782596dca6444f34174dadaa67f 100.0
2843997 1516347243824 1516350087821 06528502f19854abc3993a9c8a828fd6d4b0b089 100.0
2843997 1516347243824 1516350087821 06528502f19854abc3993a9c8a828fd6d4b0b089 100.0
2941184 1516347245394 1516350186578 8b4541663ada15d68d26060dd74aa5856818a323 100.0
2806227 1516347246693 1516350052920 3a52ffe5f59ca8f5769a4e3ef1a01a755d9b8292 100.0
2704756 1516347246894 1516349951650 c3289e6a8b7ebde2fc4fc4109b099e3acbeb2988 100.0
2704269 1516347248407 1516349952676 ae258e826266239cbf73a0846e7fb8a881a5133c 100.0
2709013 1516347249046 1516349958059 5cfae80052d2da7a4fa91b70615543163b37ef5a 100.0
2702417 1516347249950 1516349952367 b3a424bf1f96efdaccaf0131ca7459dd775eef71 100.0
3589472 1516347252077 1516350841549 e75ca0619a4a9ad87c37e678bba6dbcac57f0a51 100.0
2763994 1516347253279 1516350017273 8b63378e451ee9aadd2dddf92aaed05e288f66d9 100.0
2778161 1516347253445 1516350031606 394e7898910e29a1941647fbae920a14a0d658e9 100.0
2778160 1516347253446 1516350031606 394e7898910e29a1941647fbae920a14a0d658e9 100.0
2708326 1516347255726 1516349964052 f167c8532c3631871e54f0608b4d9a185b8fe58c 100.0
2773106 1516347256218 1516350029324 51216dc5f2b3de1f6d4d3b4598e41097d4f3f045 100.0
2928415 1516347257505 1516350185920 198a8ed908cd0595f2a3c979b27dce7a9bc43293 100.0
2902846 1516347259003 1516350161849 a213124d38157fb25d04536dcbcab8116d744f38 100.0
2739467 1516347259969 1516349999436 609910b9a9e569b200a5ab299c7c4e1fc7f906f2 100.0
2702165 1516347259970 1516349962135 9c3ea70eed2725177035cbfe04a00413e356dcdc 100.0
2701649 1516347260486 1516349962135 9c3ea70eed2725177035cbfe04a00413e356dcdc 100.0
2701539 1516347260596 1516349962135 9c3ea70eed2725177035cbfe04a00413e356dcdc 100.0
2701477 1516347260658 1516349962135 9c3ea70eed2725177035cbfe04a00413e356dcdc 100.0
2760651 1516347261363 1516350022014 ac3a4c892099d4d12ce182bbd9bec06d4f6c2b16 100.0
2730716 1516347263348 1516349994064 138c9c5dee610c59b0aea3ded63e4c17c1e0c923 100.0
2701441 1516347264492 1516349965933 c34096e4c6309a3fe20c71eeb4386e318993199c 100.0
2792444 1516347264634 1516350057078 13c03c57e9a78c815c9454efec635dd292f9e1c3 100.0
2753603 1516347266080 1516350019683 fc793793157cb2cb6c9eba446ee4878861214c49 100.0
2736417 1516347266376 1516350002793 89261c26cafe15c4de8e353597d7ffe6055b2598 100.0
2701207 1516347269569 1516349970776 d0f8a22665fb8a5250a35b956c25eedf7e2c5c95 100.0
2888619 1516347271927 1516350160546 a5cbb6a9396170b77fe4f1e3e058957aaff25ae7 100.0
2716109 1516347273489 1516349989598 19abd53dddbaf1a1f153673ae0aaf76329d5eeb7 100.0
2713026 1516347273957 1516349986983 6460d333b2ac9879a8bf51a9793d409acaed44a0 100.0
2713986 1516347278640 1516349992626 9411627618a021a231afe1e59bea502aaab80e86 100.0
2857868 1516347280214 1516350138082 8902d2cea908d97856d926af5d2029a98ca5aaf7 100.0
3599862 1516347295466 1516350895328 a84ddbc59e8374a7c97655774afcb023f6eac53b 100.0
3599861 1516347295467 1516350895328 a84ddbc59e8374a7c97655774afcb023f6eac53b 100.0
2880242 1516347306430 1516350186672 dfabde824ac68a4f483d7bf525aae45d042fbfcb 100.0
2721443 1516347307570 1516350029013 f51d8fc938b0344ccd0e35828d1e986f7204b3da 100.0
2700110 1516347310898 1516350011008 7fc5e32f1fc5cbf426bad21c84994cdb365c530e 100.0
2767681 1516347312698 1516350080379 dae7e233681cf65a538a0212cf787dab4b52aed2 100.0
2797556 1516347314154 1516350111710 ebed8818dc4e07c3f06ec0a8c02bc5695dd455ce 100.0
2712496 1516347315927 1516350028423 a69c0b87fff7e8ebd6ed175b861fa23ff265c1af 100.0
2700217 1516347317992 1516350018209 3613a9cefb75fedc5132f618bb050b9e19e11cff 100.0
2730247 1516347318170 1516350048417 e0cf11fc754be1c7d3a7c6cd3197e45fc92a146d 100.0
2730247 1516347318170 1516350048417 e0cf11fc754be1c7d3a7c6cd3197e45fc92a146d 100.0
2702721 1516347318612 1516350021333 1cfbad4cbec071df5ae806d6d25652365b96af76 100.0
2754665 1516347321174 1516350075839 3bdaa81b145d02b6b10baf5b625c57a0aeaf459e 100.0
3549207 1516347324499 1516350873706 a1c7b18eddc6f9ded4a9662a2bb86b50f40d2d1c 100.0
2710985 1516347324505 1516350035490 52680d97ed9293860f203cf686cfd24445c40119 100.0
2761043 1516347324574 1516350085617 cc2103c3a50acce9595b3c769fed38c7e50d09e0 100.0
2758685 1516347325881 1516350084566 88c5c9eb0efc81f2757ce6d1be3e093d1f99a5ce 100.0
2716059 1516347325975 1516350042034 4f29e00205f4efef72a46d596c6002e2b79bb75e 100.0
2768335 1516347327132 1516350095467 2c600de4fc2d88d5cc085c564d45a3588d269e50 100.0
2736135 1516347327164 1516350063299 2c9db30d0e6fd6732dd0173c76cd67d8f23c374e 100.0
2719165 1516347327353 1516350046518 4d58ce085069e2e88496c22141d9244f593e2adb 100.0
2957835 1516347328215 1516350286050 2e093bae8ec3e05c872fecb4212f1eaa57077bfa 100.0
2772252 1516347328939 1516350101191 f853ad62e8ff3cb637264ebb3a149d83029461e5 100.0
3227492 1516347332422 1516350559914 dddced1ea19855b43d561430582da3643e9acb73 100.0
2711576 1516347332683 1516350044259 cbe4fd78e9395c6f7e38a89f930f34225adc04e5 100.0
2752476 1516347333293 1516350085769 8f2785f0730e40de8d7cf1e6e6a36e57cba26eb9 100.0
2749598 1516347338215 1516350087813 b7253ce693348aaff725da92419714c1839e5ea5 100.0
2749598 1516347338215 1516350087813 b7253ce693348aaff725da92419714c1839e5ea5 100.0
3531935 1516347338393 1516350870328 29ccf0fcc24538fedf4f65e614f409f934557c40 100.0
2754270 1516347338701 1516350092971 8c3717a6015f362ad6c9ff6a8c46d643822cb45e 100.0
2719066 1516347339838 1516350058904 eee0985e897b9f304d5a12736bb7845c3c0223b8 100.0
2773024 1516347339948 1516350112972 19e6eb1c5c51e4a0486236c4a27af3aeb690b1d5 100.0
2773022 1516347339950 1516350112972 19e6eb1c5c51e4a0486236c4a27af3aeb690b1d5 100.0
2744314 1516347341306 1516350085620 b0a844cfefc73ec9bc4dcad66809c197b37b3892 100.0
2780003 1516347344550 1516350124553 a1d997c61432e826758af2f6dbdb8e63cbe7ac81 100.0
2720930 1516347345752 1516350066682 79bdbaa947bbf6d0e3af02f3f6d231b8063eb9f1 100.0
3328198 1516347349284 1516350677482 2de7b1374c0693717e2edcaba95037049e468a06 100.0
2700168 1516347352726 1516350052894 bad6c775a138d9d1a68bbdfae321cc000e027620 100.0
2700112 1516347352782 1516350052894 bad6c775a138d9d1a68bbdfae321cc000e027620 100.0
2708131 1516347352939 1516350061070 4e150f678674bcea64aaa52547e6bb63faf65875 100.0
2821433 1516347353935 1516350175368 f7a562a36d330b598d6246f866f15bc7333e4fc0 100.0
2708634 1516347354153 1516350062787 624684051e9127e999387ee9521af8166284bdad 100.0
2733148 1516347354325 1516350087473 64ccdb6149c9cf8eefe5e2cbca9f0d7976be9e78 100.0
2709276 1516347354387 1516350063663 e71b09b370074c789989939cacd621db0395d57d 100.0
2709150 1516347354513 1516350063663 e71b09b370074c789989939cacd621db0395d57d 100.0
2714780 1516347354862 1516350069642 069e66cea51e4559412667d34f34f85ad7467ac4 100.0
2714766 1516347354876 1516350069642 069e66cea51e4559412667d34f34f85ad7467ac4 100.0
2714225 1516347355417 1516350069642 069e66cea51e4559412667d34f34f85ad7467ac4 100.0
2701550 1516347358485 1516350060035 31ad652503450ad1149f969bc2e5f7bb65d3ed36 100.0
2726437 1516347358664 1516350085101 96770805615a64875ce17d0e17257475fa3bb32c 100.0
2725334 1516347360289 1516350085623 5e3bdde218af57b92f26f620ddff3e623011eb6c 100.0
2725349 1516347360274 1516350085623 5e3bdde218af57b92f26f620ddff3e623011eb6c 100.0
2700041 1516347360267 1516350060308 1ebdb4e493f7a97b7a5811c4a5df4fb15a8ad331 100.0
2782870 1516347361033 1516350143903 1949c6a2ad43134f63f366d57a4e96eed3e7feb6 100.0
2724550 1516347361296 1516350085846 cdf1609f10b6d6857c4ea9e1c349b5e87974b41f 100.0
2700900 1516347363256 1516350064156 d0c6afe64c49c3a03becac4ae46222f7ecd1ca56 100.0
2700723 1516347363433 1516350064156 d0c6afe64c49c3a03becac4ae46222f7ecd1ca56 100.0
2700723 1516347363433 1516350064156 d0c6afe64c49c3a03becac4ae46222f7ecd1ca56 100.0
2700699 1516347363457 1516350064156 d0c6afe64c49c3a03becac4ae46222f7ecd1ca56 100.0
2712014 1516347364263 1516350076277 3de69e1101b860336e6408043eb412ca09a1e0ca 100.0
2701240 1516347363983 1516350065223 77628a26361b4964f6845b8e56aad0b3fc62c4e3 100.0
3235495 1516347364375 1516350599870 8b1e4d8c47bed8670152ec6a10f41329519219c1 100.0
2700831 1516347364392 1516350065223 77628a26361b4964f6845b8e56aad0b3fc62c4e3 100.0
2740868 1516347381666 1516350122534 fd742fe0656f8344489b3d121ca17823ec7718ab 100.0
3598882 1516347382571 1516350981453 122b42363e124613d8d6f0924d1b8c18bc683ccf 100.0
3593475 1516347388043 1516350981518 5bf5202cfba007b8d937d44795b31d829ba73b10 100.0
2760628 1516347388486 1516350149114 78ea16fddfbffdb007c749a905321469b9977135 100.0
2759885 1516347389722 1516350149607 ff7d57b6743eee47e55697f1208efdd08e91a856 100.0
2782456 1516347392885 1516350175341 13d2f37d55a24b8166410ea8afecced6d5695a65 100.0
2792246 1516347394819 1516350187065 636f43d42a52e24831f575652b6a635960e31965 100.0
2712269 1516347396053 1516350108322 6c345e17322024c8e062833c5dffd6c58b21bff3 100.0
2703861 1516347398228 1516350102089 003923fa2b9349214bd9fe3253f5c2cca4197205 100.0
2785277 1516347399704 1516350184981 809e699cf2d953d27c55cdae769c5e3c0b01f4f7 100.0
2981349 1516347401430 1516350382779 93eb5e3962fa86d406dfe6cd0fb31fbb2edbf39a 100.0
3448031 1516347402605 1516350850636 95271d1fa78a87479b18797aa209b66fd2c9c56e 100.0
2784917 1516347403308 1516350188225 a8df9f16cd83e76ff8e2d0c4ceb36c4b3aebb004 100.0
2718113 1516347406107 1516350124220 bed23a7cd8650c6b1adf45923dcbaa6cd086c3ba 100.0
2701608 1516347406867 1516350108475 934fa761c53afd9702978b8c64b17b0f0c20bcb7 100.0
2701606 1516347406869 1516350108475 934fa761c53afd9702978b8c64b17b0f0c20bcb7 100.0
2701605 1516347406870 1516350108475 934fa761c53afd9702978b8c64b17b0f0c20bcb7 100.0
