2830669 1516344923904 1516347754573 43243d831aa56c4da10412a58703b73c48604569 100.0
2734226 1516344924338 1516347658564 8468156fc0bf9b57a356188641d0fcee0a17ecb0 100.0
2708899 1516344924892 1516347633791 4724357741217d5a00c77abc8eb2d5f0c1825919 100.0
2772764 1516344925877 1516347698641 9df1dd4e1a6724d326a74948119f0bffdf7cb489 100.0
2825284 1516344927011 1516347752295 fad5ba036d407b039105e84d6fe40a8bf99135e0 100.0
2928238 1516344927572 1516347855810 b72f8e15c72b0a1dcfd918e7baf3e3757f11d00c 100.0
2710145 1516344928178 1516347638323 356bac297f988f9b52c0b01d07b7fd096db70260 100.0
2726266 1516344929488 1516347655754 68071b6374ed14b1acd435101ab149c18ea967b2 100.0
3013338 1516344929930 1516347943268 170cbf4e7b57bd52e1345659ecddcb064a327a9c 100.0
2705103 1516344932028 1516347637131 25cf0eb61e237ed7be14a7ec1407d90c2636f50a 100.0
2705103 1516344932028 1516347637131 25cf0eb61e237ed7be14a7ec1407d90c2636f50a 100.0
2922228 1516344933735 1516347855963 5b34ad9fc11d8ac86f6eea0ba1daf34c7f8ecd60 100.0
2714640 1516344935675 1516347650315 61b49f94e46604eccdd1f4d7c47d70345c09956d 100.0
2747405 1516344936983 1516347684388 ef508efdbaacd30c8511488ef28ece03b9bf121a 100.0
3083432 1516344937291 1516348020723 fc9e191fb880fe3b9d247bb31c6946ce1017555a 100.0
3548657 1516344937908 1516348486565 37e4ea198efcda6c4d68421f74a3846d63019808 100.0
2700346 1516344938575 1516347638921 cee7ccee122e715dbbe07eb61fadd0e23006b85b 100.0
2711531 1516344938854 1516347650385 b8014ea1240a046e6bc6ccbf81f9bf809230da3a 100.0
2700635 1516344940359 1516347640994 19d403747a8b23c58e130db3403f2668a66b02ab 100.0
2731431 1516344941545 1516347672976 3ed273778a0c49635b5db2b37cd22b063582a587 100.0
2731431 1516344941545 1516347672976 3ed273778a0c49635b5db2b37cd22b063582a587 100.0
2752687 1516344941553 1516347694240 1eebd6670f71d5de8372053ae155b493a569a168 100.0
2752687 1516344941553 1516347694240 1eebd6670f71d5de8372053ae155b493a569a168 100.0
2737761 1516344942155 1516347679916 e7d15c99ec9a423bc557b48d0d89912f23e0e6b6 100.0
2762550 1516344967229 1516347729779 15327a421daffbce8e3c8f3c32e5bc070c8056de 100.0
2707768 1516344975482 1516347683250 8bc039dd6d5f667e81af2ca181f8893636a20660 100.0
3069272 1516344975810 1516348045082 348495fdc96d3c6ee118d40396ed4229fdf42725 100.0
3068682 1516344976400 1516348045082 348495fdc96d3c6ee118d40396ed4229fdf42725 100.0
2737113 1516344977115 1516347714228 5bd25f85df842561faf4a9141a571262a982ff31 100.0
2705545 1516344977959 1516347683504 b204d6e6bcfe44be2790cd82a07dedaedd3ff4ba 100.0
2705514 1516344977990 1516347683504 b204d6e6bcfe44be2790cd82a07dedaedd3ff4ba 100.0
2750920 1516344981801 1516347732721 ccbf5f885b78d59310bbc5874cd670b132235dbf 100.0
2741573 1516344982597 1516347724170 6ce38e405e5ab6989d89f55fddf7265e46649392 100.0
3580318 1516344982600 1516348562918 8096dc922e6921ae662f7df27d5222f3d079cccd 100.0
3250602 1516344983771 1516348234373 90da1fe22b5e435cb95dfe21d7d4e98d32e16f20 100.0
2706497 1516344984150 1516347690647 11ef0425a0aca2271990575967b04962235250e1 100.0
2706488 1516344984159 1516347690647 11ef0425a0aca2271990575967b04962235250e1 100.0
2771131 1516344984418 1516347755549 51f1f2e75b5eef8107d67037477193588a5e4da2 100.0
3120222 1516344986708 1516348106930 6fa9dbcedef79b2128998d77d4fac6a84d71e982 100.0
3049840 1516344986988 1516348036828 6d56f63383f4543df8b25f3c3224485ff56adef1 100.0
2748068 1516344987116 1516347735184 c7aacb4f766e30cf3dd4545aec0a8193fa010256 100.0
2725110 1516344987566 1516347712676 ef7cd0f23e660ff042cbc47a5663da5e9a1f77c0 100.0
2728669 1516344989248 1516347717917 f8259f5c882f2fb214960cf669d634c4d830dfe5 100.0
2730158 1516344993880 1516347724038 85d4474583658113cea7b356db39de24daad48fd 100.0
2756560 1516344994054 1516347750614 be54f76b953442951fc0a1aad5301bc23b458185 100.0
3045875 1516344995464 1516348041339 e568af3f68de150d97317c3b86b894507728ea04 100.0
2921168 1516344999304 1516347920472 a321fb70dcd6ae92316fecfda776578043bd4467 100.0
2700786 1516344999567 1516347700353 e23982d49e8e72ddcf2ea867196fb4e16ee9ab43 100.0
2758477 1516345000948 1516347759425 35bd5e22799efed12003c888b7a144aabb575d85 100.0
3290120 1516345002003 1516348292123 4cceadb2db1badb5b69583b327691c57c0d9e603 100.0
2802294 1516345002254 1516347804548 f6a2b6175988a04a7a3cc927443802527d93473f 100.0
2701974 1516345003331 1516347705305 84caf16fd8990e6fcd01ef0d40b178a4c71fbcd3 100.0
3137043 1516345004945 1516348141988 5d6d4692d4a1fe5b3857a33f38fd3724e9505a4e 100.0
2935664 1516345005741 1516347941405 219848d496aee6936f8f5d42c1f822425669a7fd 100.0
2776958 1516345008470 1516347785428 0f268af8f0fc67a1768c8b07fbd3ed1d8eba8341 100.0
2706865 1516345010636 1516347717501 e1c8a6741d98c64f94098bd63157e80bf4972839 100.0
2701005 1516345011943 1516347712948 330d235301b2d728e79aed2f9857c3ba31e19508 100.0
2760857 1516345012810 1516347773667 19bb1279ca2c4810a36028cc54fa0dc1b7e36bba 100.0
2705754 1516345014476 1516347720230 2b80984cf94432b012fb06a74c0cdad5c0dfc851 100.0
2742156 1516345014479 1516347756635 d697dcba79756b00c705942f31ab724ef8b2bdfc 100.0
2716039 1516345014551 1516347730590 ae420c8ba9233112a91beea0e6601b40633660af 100.0
2710037 1516345015325 1516347725362 50cc2c24177da2793a1c1e219c25ca5115938c63 100.0
2713129 1516345016557 1516347729686 0ba9177c8aac05a333c515695f2913fcc95b9855 100.0
2705261 1516345016991 1516347722252 532cb92d3906fb88189acfc8df9922f0904b9060 100.0
2700097 1516345017456 1516347717553 6ed75e4e5a0331fc57dc31e92f9c32169c2d2410 100.0
2700091 1516345017462 1516347717553 6ed75e4e5a0331fc57dc31e92f9c32169c2d2410 100.0
2700087 1516345017466 1516347717553 6ed75e4e5a0331fc57dc31e92f9c32169c2d2410 100.0
2735516 1516345017934 1516347753450 133f5bf68b648757e323603321a41c196bb2c64f 100.0
3532513 1516345018438 1516348550951 ba77d9547e1f8ca1ab052759e266f04df9d95c04 100.0
3558795 1516345019466 1516348578261 c2ff4ab30226976a691448d5d767904d62bdf4b9 100.0
2835014 1516345019510 1516347854524 d02048582cb2f603766cedf5c36afa24f88612d4 100.0
2833692 1516345020034 1516347853726 4b5156683b32f43a97e801c7dcc9ac3c09634258 100.0
3461012 1516345020116 1516348481128 213ab2ee210c700d36807867ca96221c0c23088f 100.0
2728797 1516345021600 1516347750397 3d259ed1bf9600f396c0d4c7c6d8934a6e51faaa 100.0
2721204 1516345021634 1516347742838 ee62c1cd082c034ec036c2079f5b2c8bd38825e7 100.0
2707337 1516345023802 1516347731139 5ae2861deacd825a7c1e200400d03eafd19b4948 100.0
2707336 1516345023803 1516347731139 5ae2861deacd825a7c1e200400d03eafd19b4948 100.0
2704352 1516345023998 1516347728350 c976d67d9ce46096a97e35454ece1724bb9c8fdc 100.0
2727922 1516345024621 1516347752543 64ccdb6149c9cf8eefe5e2cbca9f0d7976be9e78 100.0
2918557 1516345024962 1516347943519 16c25a6924b8d388e980a2656f7cdf62990a99de 100.0
2736559 1516345024971 1516347761530 ab65b924c442cbd0439a81b0bd666ccce19adf81 100.0
2736054 1516345027459 1516347763513 cd6cef7552c0d53dc85bb0e8aff0ab9b06ae6543 100.0
2704792 1516345058512 1516347763304 5ea7d31c5107cd07f59c1700788b11f05ecb12b2 100.0
2706744 1516345058541 1516347765285 f4db72e440e1dd96baa2b5b3f9c3c367b71be7a6 100.0
2706744 1516345058541 1516347765285 f4db72e440e1dd96baa2b5b3f9c3c367b71be7a6 100.0
2706742 1516345058543 1516347765285 f4db72e440e1dd96baa2b5b3f9c3c367b71be7a6 100.0
2741174 1516345059499 1516347800673 e85a644ea3a63a3e58b4f78ee18a939770475b46 100.0
2703980 1516345060359 1516347764339 9ba159b3aced4fc8c76dd3291d0a86f1c02aeabb 100.0
2703980 1516345060359 1516347764339 9ba159b3aced4fc8c76dd3291d0a86f1c02aeabb 100.0
2700491 1516345060944 1516347761435 d3b6830edaf1cba77b668b171f1c6d6f9058d4fe 100.0
2700489 1516345060946 1516347761435 d3b6830edaf1cba77b668b171f1c6d6f9058d4fe 100.0
2700489 1516345060946 1516347761435 d3b6830edaf1cba77b668b171f1c6d6f9058d4fe 100.0
3595592 1516345063213 1516348658805 d04500da442e45d510582da6b6bcbd5572b4ce5b 100.0
2717809 1516345065740 1516347783549 792a1e73de62549ec0fea9e767a4d703fb19afc2 100.0
2717809 1516345065740 1516347783549 792a1e73de62549ec0fea9e767a4d703fb19afc2 100.0
2711142 1516345066437 1516347777579 500e34f880e4640381b84d0b49510c8ab0bc9eed 100.0
2726429 1516345066950 1516347793379 6209c9e2e17357ac8b732272e36b04975f6ee9f0 100.0
2715035 1516345067007 1516347782042 b2adf25aba56dc98382a8d0770361bf592a4e179 100.0
3417969 1516345068548 1516348486517 26a40f15bdbb1d933ef51b3852bf8c17d2e6c9f8 100.0
2706999 1516345069274 1516347776273 626d4e609f67bab71bb137fc4ab7e9ebdbfd4371 100.0
2704695 1516345069626 1516347774321 2d2d5d350d4e6bf063ebf2a9b1bb65240a1d29d9 100.0
2700130 1516345069824 1516347769954 657c33890663f9f09fedadafe8a14dbd989ac8d5 100.0
2700130 1516345069824 1516347769954 657c33890663f9f09fedadafe8a14dbd989ac8d5 100.0
2706646 1516345070125 1516347776771 64d4c63bf5a0864ad0c0bf4bbff0ad6eca18dc69 100.0
2705486 1516345071274 1516347776760 6f276e83aa3facd8071e30a897a8aa755a64af63 100.0
2705486 1516345071274 1516347776760 6f276e83aa3facd8071e30a897a8aa755a64af63 100.0
2713342 1516345073602 1516347786944 5d85d4d8485ee718f16fd260742eef1e7c019232 100.0
2713331 1516345073613 1516347786944 5d85d4d8485ee718f16fd260742eef1e7c019232 100.0
2757835 1516345074466 1516347832301 46bae44abf8ec448f3d66180ea3286dc21ffa709 100.0
2707457 1516345075637 1516347783094 26099cf5db88989ad0e2e9998fd2147baad117a1 100.0
2969216 1516345075685 1516348044901 67438c998d1c2c6e11d2e4fd44c2619a471dade3 100.0
2703848 1516345078150 1516347781998 6181ee629e58d8078093575d9e0466b845cf4ae9 100.0
2709349 1516345078741 1516347788090 fc0acdfbf7d785ef17b09bd4e03caaecbabfb589 100.0
2724127 1516345079502 1516347803629 e3ce58eb829a78ea72d63b2efde41cb056c28bc8 100.0
2722737 1516345080665 1516347803402 5df613e7dc68bf4012e7f18237350a5120b19ed1 100.0
3487064 1516345080674 1516348567738 6f1339be7666784a3f779d3dc9d7985c84685480 100.0
2841579 1516345080802 1516347922381 fd760d7799f52c9b20daea31093106db0e7dbd08 100.0
2936438 1516345081240 1516348017678 5970381611f55c1ff3c7f006457f054b8a6b72f8 100.0
2712654 1516345083622 1516347796276 0db6c7f0facfba476112569775aba796d7ddca72 100.0
2704616 1516345083867 1516347788483 cbd7191e027f651ee4875b27162cf902f446d567 100.0
2704615 1516345083868 1516347788483 cbd7191e027f651ee4875b27162cf902f446d567 100.0
2838462 1516345085685 1516347924147 69f3665e9231eec301fc892f057ce0f44e17f380 100.0
2716876 1516345086843 1516347803719 89c0144cd9a5008fb24f593bea75e858bd66c316 100.0
3565290 1516345086858 1516348652148 c4b3cd89ece8cdb27dcacc302ec2d72caadf2c5d 100.0
2736018 1516345086880 1516347822898 a22a294517f84b8d2b3ff044f60f43bae48aafac 100.0
2704600 1516345089871 1516347794471 4681b85fc08e28ffc40747a9efc3d80f1ea11f28 100.0
2704599 1516345089872 1516347794471 4681b85fc08e28ffc40747a9efc3d80f1ea11f28 100.0
2770236 1516345091733 1516347861969 5d7979dcb4f6df4b0f01b3fa8c333fbc733ec017 100.0
2719854 1516345092873 1516347812727 40576a58e072b98843b523b72ef04a01fb49efe1 100.0
2714968 1516345094745 1516347809713 5b3b93789bb1c0a3db5d4786b0f592d035ce858c 100.0
3035576 1516345096010 1516348131586 0045976cbd0df15146212c12de382993318366b4 100.0
2712628 1516345099884 1516347812512 e7824c45551380b295cf04be6cf08b5043fd6aec 100.0
2700820 1516345100965 1516347801785 301aa26b61775f944285d1415684aa183f1cb82f 100.0
2709690 1516345101468 1516347811158 33f523f8212c70858e76660a34de79b2c62ca9d0 100.0
3035187 1516345104032 1516348139219 79fa5ce548b3942e01a0177c22ce2752dae754fb 100.0
2718061 1516345104213 1516347822274 ed3079c549c4a47400f2bc4341996e8551d6b0f4 100.0
2707425 1516345105925 1516347813350 802e46a930045cf239995d80fdb95539dfde3114 100.0
2727611 1516345107301 1516347834912 7c6015752f1250c87dd6e792dc14bfec1acca5ad 100.0
2701801 1516345107976 1516347809777 6c110a076bc1445012a4eee5de372b56554c681c 100.0
2701799 1516345107978 1516347809777 6c110a076bc1445012a4eee5de372b56554c681c 100.0
3031143 1516345108050 1516348139193 15c6489f407459ca8460b0d01492702c9c1bd0dd 100.0
2715510 1516345108184 1516347823694 5d847a4b281bcc2ffa5b0cfcddb6ac62b2b46e26 100.0
2776260 1516345108388 1516347884648 a745e5b5e506d8611e05c236e0fcdda7475672b2 100.0
2935407 1516345111988 1516348047395 1ad6605b20f7bc912dd8cc88a87fad21632b736e 100.0
2904055 1516345136839 1516348040894 996f0f69398ad44398b496d9ea3d5487b3c0a6bc 100.0
2727521 1516345143009 1516347870530 aa1eecc7f7ccea27480495c8c8ed30b5ede82be1 100.0
2727520 1516345143010 1516347870530 aa1eecc7f7ccea27480495c8c8ed30b5ede82be1 100.0
2705357 1516345144016 1516347849373 f4a9c0a19c5b0f4a4a17faa1034123017962df9b 100.0
2705341 1516345144032 1516347849373 f4a9c0a19c5b0f4a4a17faa1034123017962df9b 100.0
3269334 1516345144388 1516348413722 e2378cfa77ff255cedd3c5f339ba739e368c96bf 100.0
3269290 1516345144432 1516348413722 e2378cfa77ff255cedd3c5f339ba739e368c96bf 100.0
2733300 1516345145975 1516347879275 5b73c2a3c2ebbd92f7723ff5844bc29ed4c2e728 100.0
2735934 1516345146017 1516347881951 e07ee0ac42383d1a2b81f22cadfb4efe110c6813 100.0
3599323 1516345146163 1516348745486 51ae9ba28aca15c596681c19ec2752712a3c5dcc 100.0
2805235 1516345146166 1516347951401 81d34935f2a953da56110f63af696bc63602a58b 100.0
2731024 1516345147505 1516347878529 37cc6b89424b765135c82c80fc1fb112203e6f22 100.0
2700876 1516345147597 1516347848473 7966ccadb2bc806df4d58f4496bd772ba987ab41 100.0
2988027 1516345147776 1516348135803 59d5daab781639a04c710a01880fa0af91a05834 100.0
2712849 1516345148197 1516347861046 a05e50c756e2a8d30d9f4c7591ecb5def94626b3 100.0
3596747 1516345148754 1516348745501 a6385fccdf46e17e9cc5c6af3e922929b7a35a9a 100.0
2766459 1516345149317 1516347915776 5eb61727f86812a32759c52317a69c8965dd3291 100.0
2745767 1516345150961 1516347896728 610f015261516d7771b10645b3af32e3e7874cfd 100.0
2745763 1516345150965 1516347896728 610f015261516d7771b10645b3af32e3e7874cfd 100.0
2758549 1516345151090 1516347909639 fff2444bc72c01b4dc6fc6241af2aff95dfe83f9 100.0
2805220 1516345152799 1516347958019 a837b930e55b96743f540fffea549ea0fcaa168f 100.0
2745515 1516345152970 1516347898485 215f457f15ec7b8369f5b110c6d2fbd00e57627a 100.0
2872994 1516345153211 1516348026205 de72b6616c52bb4852059251f91ad2146d35e290 100.0
2870921 1516345153680 1516348024601 e2c52ca743fa57e1a8fedce49ff56b41a3325884 100.0
2704610 1516345154049 1516347858659 c8b1fab1ba79ea3ffc507849f5cad9e756761b22 100.0
2710484 1516345154272 1516347864756 c052a786b5759798f8ecfda3ce2022437bbbcb3a 100.0
2767084 1516345155238 1516347922322 cdc25cec5ed7350c4121acf9d33cf2ea5cd3f1e1 100.0
2700378 1516345155827 1516347856205 8f900f349b73a0b830a2f928db0786c133c42f93 100.0
2747002 1516345156441 1516347903443 8f1610c8d50af293e969b184bbae6d2138a9763c 100.0
2700162 1516345156778 1516347856940 9f6fe6d47474d723ca3f325ae96a23cee068043c 100.0
2979098 1516345157507 1516348136605 28c09abfe4b54d5b2aca185e520db75358b7a40a 100.0
2764133 1516345159586 1516347923719 0949136607f6fbcafe13cf33001c77b57e901fff 100.0
2727714 1516345159782 1516347887496 cdf1609f10b6d6857c4ea9e1c349b5e87974b41f 100.0
2700364 1516345160047 1516347860411 b86bddc1db10ee663c462d699fa414e0ee09f114 100.0
2700363 1516345160048 1516347860411 b86bddc1db10ee663c462d699fa414e0ee09f114 100.0
2717848 1516345160458 1516347878306 2e919109a2e967ab51fcf302f5bdfab81845ce0d 100.0
2899884 1516345162341 1516348062225 6d62eea175dce3c049a1b64260cedee89b9c8cd0 100.0
2736079 1516345163537 1516347899616 cd78210616691284ea9c23f4e6ee1f79c3e22afe 100.0
2863138 1516345164532 1516348027670 39ec4a27bb5965190b81a479d01498a740cd717b 100.0
2894562 1516345166724 1516348061286 c7895d367f75dff0d837601869a9eafcac00acd1 100.0
2718091 1516345171581 1516347889672 405850022d17edc61926f8751f8ccdebe3a7bece 100.0
2770745 1516345173386 1516347944131 fa0d392df63eafe63c926ee77fbd83ae3bf1d10c 100.0
3406154 1516345173421 1516348579575 038ebfdee053fda67e942b58dfcc6a589bf4cae8 100.0
2763879 1516345173715 1516347937594 a865b8bb7a52bc1b5c0620c1cca6fdbddf5e7c08 100.0
2705565 1516345175443 1516347881008 b26b2715e2519555a4d8692a5f4f27650837fbd8 100.0
2760955 1516345176612 1516347937567 64b866926e03bfa5ee7322d6dd4ea1d14dbd6e2a 100.0
2842102 1516345177175 1516348019277 f71c5f4f85c9f9fc0f2b899d7a32c2ce1cc95983 100.0
3004968 1516345177208 1516348182176 56ac38201ece4b920c9b08aa2a2aed617be93d88 100.0
2701260 1516345177938 1516347879198 d8547785a09f51ee8d484e6dacc7937a1235bd12 100.0
2701259 1516345177939 1516347879198 d8547785a09f51ee8d484e6dacc7937a1235bd12 100.0
2828486 1516345179603 1516348008089 4a74449624d97893c3282cd044b401f78370131d 100.0
2756830 1516345184173 1516347941003 ee2f0bf42b9fec5ebd5fa1e26f7fcd113fe06b7a 100.0
2756530 1516345185060 1516347941590 1c9e1220fb9a4a213bca7ef77aefc9bf45e046c8 100.0
2784789 1516345185382 1516347970171 59e530828efc85a8fbdbb80bd408f9519433a62c 100.0
2704221 1516345186212 1516347890433 382e3be17603e619c81e8a5293c80f32b8d66d0f 100.0
3362684 1516345188267 1516348550951 d8440771980c53c42d3e7202bc16ccbed25b4d15 100.0
3580927 1516345188384 1516348769311 7ff9a25bc1c11f0829cc4597db9c0273d7db8e65 100.0
3580924 1516345188387 1516348769311 7ff9a25bc1c11f0829cc4597db9c0273d7db8e65 100.0
2715676 1516345191194 1516347906870 be068b503cb5f087db56e128abbf351662555e2e 100.0
2710912 1516345193693 1516347904605 ae3ab7d7ee23a5cdc47ead33698d4ae223025ce3 100.0
2739541 1516345194454 1516347933995 0b6208e244d13b26c80632125d14d1bdcae0c031 100.0
2753708 1516345196384 1516347950092 65d70975bd4f1b1504dbefc6e44896cc827d19ca 100.0
2708570 1516345197466 1516347906036 5d1417763fa5edc5611a67b5fa175481ee97a8a9 100.0
2786300 1516345198643 1516347984943 7938349ab57f3249802385e10ae4d5038aa84972 100.0
2714871 1516345232980 1516347947851 d97c9ab05ba451e5b9929b8192ce6fb89afa914e 100.0
2979865 1516345233166 1516348213031 2a9dc226b32d94db8f631b140a7b3c2952854d99 100.0
3596939 1516345233405 1516348830344 cb2fa8bfb6023d1ac00a4f4b3df85cc83b2103fb 100.0
3596894 1516345233450 1516348830344 cb2fa8bfb6023d1ac00a4f4b3df85cc83b2103fb 100.0
3596892 1516345233452 1516348830344 cb2fa8bfb6023d1ac00a4f4b3df85cc83b2103fb 100.0
2729236 1516345234116 1516347963352 9cc1e17d07108b503d45c43a0a5cce048f31cb4b 100.0
3251699 1516345234800 1516348486499 2ab70134ca078a422d98e79c24cf305b0445d095 100.0
2703545 1516345236151 1516347939696 d76298e2a7d8e19a3c9caa9ebe40b31fee4ede3d 100.0
2713296 1516345236458 1516347949754 23a9ed1c4938d50dbc7619654c481884b898ed7e 100.0
2729801 1516345238485 1516347968286 673ea3cc97c7c32169ddb1b965f3d891f6ceae1a 100.0
2729800 1516345238486 1516347968286 673ea3cc97c7c32169ddb1b965f3d891f6ceae1a 100.0
2733916 1516345239352 1516347973268 8c871d87c16737a51749b02dc4cf1b240a19619a 100.0
2761623 1516345241057 1516348002680 c2ca50353cb0b2f0ff5d1dd00943f10161f362a2 100.0
3597510 1516345242475 1516348839985 2875d0de2ab9a218496b95daae41b8d834671b1a 100.0
2804889 1516345242654 1516348047543 5e36fbfa559e8350b7c9e8a5f8dd8cb61b90b653 100.0
2888172 1516345243232 1516348131404 ffcbe0f4259162c4272da061aca5292faed0931f 100.0
2815374 1516345244271 1516348059645 ac2d809a0bfb9c35b8ba9c61247d801fe52668f7 100.0
2762323 1516345245158 1516348007481 c950c7d277b4f77f4b3c3dab373563b4486dd2e2 100.0
3591990 1516345245444 1516348837434 20970418826d6ae3583bf35947462478dbfb437c 100.0
3575748 1516345245546 1516348821294 f229db85276cfc5d4280acd67ae5850411732934 100.0
2702622 1516345246008 1516347948630 cd34b5d87009543e70a076a3026c5cbb606add5e 100.0
2702042 1516345249709 1516347951751 f9135bfb410767506a021d58a1fae0193ddef3c8 100.0
3570417 1516345250876 1516348821293 af4ced1d90792162fe504f2694ac967a9eb6d89a 100.0
2709967 1516345251633 1516347961600 175d80f064bc6155144d53240ac74e562343d08e 100.0
3587133 1516345252872 1516348840005 f5c81ecbee0d9bb54cc71eb215c2fcace77d369c 100.0
2720253 1516345253387 1516347973640 f65267ebb289fb711c221cab35290dc881927061 100.0
2703941 1516345253988 1516347957929 5de22a21a52e08b68defc3ee7da8b67e0e5fcbca 100.0
2724857 1516345254319 1516347979176 bc1dbfe751cb54202eed84e1c5bf70298a6baa72 100.0
2708524 1516345254539 1516347963063 a1faa2f9ba1edb069d541d494f6254072aedb6e3 100.0
2723258 1516345254810 1516347978068 09ef34fa1a0eb607df95a5c6d660cb6a93fd2600 100.0
2772182 1516345255082 1516348027264 4a02302bc3fce11881dcd18bba91e84579fe7fed 100.0
2740878 1516345255138 1516347996016 c5f80e6bfec2e035555f0590183ec665f0aec06f 100.0
2718834 1516345257035 1516347975869 16cd1b5d53dad8feca7c762eb1f4e29825f38939 100.0
3581897 1516345258043 1516348839940 58377c32ca7a560aafec90d05f688a081b91ad65 100.0
3056582 1516345258434 1516348315016 33084521a1a9603191134ee6e3ba7d9bcfa41de9 100.0
2747442 1516345258706 1516348006148 b2edf5b831caa89bdc6d37135e5fa55f5a1ca763 100.0
3580611 1516345259365 1516348839976 cfe360b9710912467657be5e32850eefdb1718ca 100.0
3580610 1516345259366 1516348839976 cfe360b9710912467657be5e32850eefdb1718ca 100.0
2705643 1516345261542 1516347967185 4ee975b0eebb31c286dae807118c45cef6a5e3ea 100.0
2770089 1516345264538 1516348034627 4d139354db2dd3a8431cffad0a20b0cf1628cd26 100.0
2771412 1516345266847 1516348038259 80c687d3126f42e84dadbbced332e930e87438fb 100.0
2707770 1516345267074 1516347974844 ff794e2101746bf5a2dfd8aacdbbc4ad4bfacfb6 100.0
2700470 1516345267691 1516347968161 259e36df69093e76e867ffecee6c2da6f83f2d74 100.0
2700469 1516345267692 1516347968161 259e36df69093e76e867ffecee6c2da6f83f2d74 100.0
2746338 1516345268942 1516348015280 56c8568f89ecca824663cb919b0f134d8a3a7ac7 100.0
2786723 1516345271280 1516348058003 da946b0d8e52bb572fffc1c33301b1fce41e86b0 100.0
2718781 1516345272642 1516347991423 fd8796c87c7c358cdc9abbf2868c1f5cff68c6a5 100.0
2750265 1516345276684 1516348026949 4a4df737b73043c6f0c7dc09ba1df6a7f25a76bc 100.0
2720530 1516345278737 1516347999267 629993c864ca4400c3aa3b42c001e9ae7288df70 100.0
2729562 1516345279610 1516348009172 665a6495316e8a50bc6e054c002b93178132f645 100.0
3540484 1516345279627 1516348820111 43e2ff01c7f8453096ec0ebebbb18b95c4acbd74 100.0
2715409 1516345282401 1516347997810 c138a20e1bfb47c9e8d8fa88c974ea715c34119e 100.0
2864356 1516345283547 1516348147903 9111b6bd9f9b7ffdf1948c04d4e524efc1b63648 100.0
2747347 1516345284068 1516348031415 544cc6b58e944e7a80d5a69301686e618f400bbf 100.0
2747338 1516345284077 1516348031415 544cc6b58e944e7a80d5a69301686e618f400bbf 100.0
2718180 1516345284412 1516348002592 adcf2780acfdc6879967b46bf05a947f14be0388 100.0
2742273 1516345285268 1516348027541 5c8c54380ebf876069ab7abd64b5bb2d7d49c89f 100.0
2714237 1516345286078 1516348000315 41dcb78d5054efa11f9079e35b5f6b4d87278b5a 100.0
2700052 1516345288489 1516347988541 6ca4b321824eae25f5fe1b01949bd21c3a59163d 100.0
2700031 1516345288510 1516347988541 6ca4b321824eae25f5fe1b01949bd21c3a59163d 100.0
3460404 1516345290773 1516348751177 a1a033230d303aa2a3b5108a3b4d794da434b538 100.0
2764246 1516345291035 1516348055281 1e09a3289a0915b053c80ecee82358421a9c429b 100.0
2765411 1516345291123 1516348056534 ee07d709894d7d6e18208e9e570a5aa76b0c74da 100.0
2923186 1516345291171 1516348214357 10b998f850423d255c7777fc08a6a72b3e8860ef 100.0
2734184 1516345306479 1516348040663 79bf8f4ee10db27878dceca2b89bfb7b9d3188db 100.0
2810792 1516345323930 1516348134722 6f64784cb7ba7e5e2d6ea46bea6197cbc76a2e06 100.0
2908773 1516345325261 1516348234034 469ec1fd53615c5422c9b75010990874a7e9c75f 100.0
2729010 1516345325354 1516348054364 6edb78c7acb1ecacd8f3fba11ede60bed401e59c 100.0
2704681 1516345326518 1516348031199 15969df1c0637ab30742bc0e93970b1f9b3d0023 100.0
2704556 1516345326643 1516348031199 15969df1c0637ab30742bc0e93970b1f9b3d0023 100.0
2737199 1516345326994 1516348064193 2c9693fec9d703a991a8b04d28e2003564b2f3d9 100.0
2717319 1516345327151 1516348044470 91e0fe0ea6150fa3c675b2e0d8600ca1afba841e 100.0
2888735 1516345327943 1516348216678 92c03ad98a48fadf1b93a4f64cc56646a3f169ba 100.0
3597898 1516345328363 1516348926261 a4abd301e7c8536f4c99968d46124c602e63a605 100.0
2740328 1516345328428 1516348068756 e708b7074778ec8c955dfc4628eaf75cabb1a3b7 100.0
2727942 1516345329507 1516348057449 4a96bb97fbebf54db7b80265263edd2999af53bd 100.0
2899239 1516345330451 1516348229690 91200576757026f612f920de5f69b5b65d1eb36d 100.0
2747825 1516345331194 1516348079019 b78a0758fcf522f0ab7acf9d392e5c5f41ff60e2 100.0
2747790 1516345331229 1516348079019 b78a0758fcf522f0ab7acf9d392e5c5f41ff60e2 100.0
2700667 1516345331985 1516348032652 4c4abd6ed0af2d858e3a042063e2942877e33063 100.0
2700616 1516345332036 1516348032652 4c4abd6ed0af2d858e3a042063e2942877e33063 100.0
2714314 1516345332989 1516348047303 e3bbdfc46ca26c6a094bb71e24e7a79ee9db841e 100.0
2721680 1516345333077 1516348054757 50ae9759df12b2e0fd50c265d4df1d7e7b4bf8c5 100.0
3599442 1516345335130 1516348934572 7a11fafc499efcedb0e65b981c7a283f4639eac5 100.0
2716727 1516345335227 1516348051954 8a8d864b84ec25b03fa273a83ecb899c2f301b31 100.0
2721679 1516345335828 1516348057507 1a3a2abd3415e37062e6842d946833295981b6cd 100.0
2708489 1516345336903 1516348045392 c44d0a0fd951ce078b837c9315aa679e9e65f365 100.0
2704495 1516345337088 1516348041583 86fe1efc3682a71c2f2d7ea961fbc624802f54c3 100.0
2735021 1516345338914 1516348073935 ea8b4b512bb724fe86ddf69b2f7ffe751ed7340c 100.0
2723373 1516345339993 1516348063366 18ceef7d4121dcd1312a99e689164eec6f0f3f4b 100.0
2803698 1516345341017 1516348144715 e5510065d79fe9830126e491c9f83ea66911a5dd 100.0
2709742 1516345341924 1516348051666 7f5d547efb08613f78c1d313175ba18db772bf86 100.0
2712191 1516345345681 1516348057872 3abac226207419087f63963f0a481f4fb6021655 100.0
3592451 1516345345724 1516348938175 4b0067800598fdb8bb9623ef381f2c5e9dc5cd2a 100.0
2749541 1516345345938 1516348095479 23a740bfbb5e2d141158bcf7e2b3b7c91f942157 100.0
3584882 1516345349195 1516348934077 8f69557686b7a1e8e6405c8e1a4f48b3a9a25d1e 100.0
2710613 1516345350566 1516348061179 70e8087e6137fe7c42390cbc80e600f8f833f6be 100.0
2709045 1516345351456 1516348060501 bf36c4fefb230d53e024ad1214e0c10c03c179a1 100.0
2709045 1516345351456 1516348060501 bf36c4fefb230d53e024ad1214e0c10c03c179a1 100.0
2705046 1516345352469 1516348057515 b42bfa93aa64ab4a864d75d99ce0b3c03424ea92 100.0
2724708 1516345353194 1516348077902 764002a89f69a213e29c6f6a5c1df26c87203873 100.0
3578990 1516345354287 1516348933277 746e3eb01ebc2d0c0008d56ea74886eec01a82f6 100.0
2728624 1516345354475 1516348083099 3dee3c1ef40437d6bb70a2463d20bee23b5299ab 100.0
2727502 1516345355023 1516348082525 e03c7891e00d669d71098821245b4a92a913f26f 100.0
2705747 1516345355207 1516348060954 1f031832d744cb6d45507630c1a9d208face464b 100.0
2702129 1516345356151 1516348058280 7f3daeea72acd247f32fd4daf9dc423a355839ed 100.0
2745118 1516345356445 1516348101563 cd05c60b033125d620ce887e55b04eb4774c5fe2 100.0
2750310 1516345358411 1516348108721 0e40972bfec00574a691e550277d18c4ad1cbd15 100.0
2723467 1516345358563 1516348082030 a880ddf84aa2c819c619e0a23be764ea530fb9ef 100.0
2721382 1516345358689 1516348080071 80bebd8013c958ca64691021d45ea29e2d247167 100.0
2716756 1516345358775 1516348075531 7437fbee362f1220a62593511d926075f61209a3 100.0
2754762 1516345358787 1516348113549 2b9cb6cadce4fdadfacf4932584b728fa9a76214 100.0
2754751 1516345358798 1516348113549 2b9cb6cadce4fdadfacf4932584b728fa9a76214 100.0
2716256 1516345359239 1516348075495 9409e5555f410874fdb199d198ee628584b4e335 100.0
3382736 1516345361548 1516348744284 a8a91e21d9c215bc4f33a1bb5bfa255840c429b4 100.0
3382735 1516345361549 1516348744284 a8a91e21d9c215bc4f33a1bb5bfa255840c429b4 100.0
2731231 1516345361646 1516348092877 78f297e7228e27b1e4c49063b4b910bf2686513d 100.0
2731221 1516345361656 1516348092877 78f297e7228e27b1e4c49063b4b910bf2686513d 100.0
2710318 1516345364577 1516348074895 74d67904f68646fda0b64cb9c334c664bc5f7620 100.0
2710310 1516345364585 1516348074895 74d67904f68646fda0b64cb9c334c664bc5f7620 100.0
2719546 1516345366291 1516348085837 25d02542e41088902fa4fd20bc5423ad9725910f 100.0
2754684 1516345367830 1516348122514 40cf421cab9567ba8ca5eda953aea0a9668e45ae 100.0
2702048 1516345368125 1516348070173 e3c6c0f1f3712649688c8f25128d96c436c36e25 100.0
2724437 1516345368498 1516348092935 8351c70d2c7de5a34a16040806c9cfcc3ded6f8d 100.0
3564361 1516345370222 1516348934583 e0c8a2ad5d97c06d96a82322c6d3e34841b297d0 100.0
2763215 1516345371400 1516348134615 837a2b8ee2757e1eceb74db959bd7256a0f601d1 100.0
2744299 1516345401849 1516348146148 2bdc9e89dfe68eb5c457da35118d92d29acfa6df 100.0
2706950 1516345401953 1516348108903 d802daaacb85b92e96798d31ce5026c4fd39f5e1 100.0
2740143 1516345402291 1516348142434 cd26d3f385b0c12a66680b9a588848acc702df0f 100.0
3349019 1516345402339 1516348751358 b9ded1b5eaf79e627227fe8cecdbdda42f1c4464 100.0
2780887 1516345402405 1516348183292 1e5eece72b73d0127ea2dae1b1ab747bfe7182d4 100.0
2732878 1516345402639 1516348135517 875477fccc84d8f7203c52b40a3dec7b32794433 100.0
2700094 1516345403096 1516348103190 3e25e550ec0c5bf399cf03ff9462389a1f1c834c 100.0
2700093 1516345403097 1516348103190 3e25e550ec0c5bf399cf03ff9462389a1f1c834c 100.0
2777726 1516345404133 1516348181859 2f3359c4d89eb82f2ceec948853cf6be751e3980 100.0
2723707 1516345404164 1516348127871 e894516ac622045f3af7f47ed3a54b715576aca5 100.0
2764942 1516345404738 1516348169680 fd4bc850770266a65651dfb95a8e1c675a5c2faf 100.0
2700842 1516345406146 1516348106988 c651fe8906f16a2829d5879e9066dc5eadf45a7a 100.0
2700841 1516345406147 1516348106988 c651fe8906f16a2829d5879e9066dc5eadf45a7a 100.0
2708012 1516345406865 1516348114877 56c518cefa5802ef37ac8d899cc7159982a91e83 100.0
2720316 1516345407419 1516348127735 8b4541663ada15d68d26060dd74aa5856818a323 100.0
2753473 1516345407438 1516348160911 711a43ae5354a1aeb5e55399960e6bfe776db6b4 100.0
2727019 1516345408132 1516348135151 876b22f7675dd0c5623a4c8018e4e3682f78520f 100.0
2726595 1516345408327 1516348134922 deadf1b72d900cc0b031b68328f29e80668df798 100.0
2726592 1516345408330 1516348134922 deadf1b72d900cc0b031b68328f29e80668df798 100.0
2726579 1516345408343 1516348134922 deadf1b72d900cc0b031b68328f29e80668df798 100.0
2718953 1516345410111 1516348129064 43991abd6a1dcae315d41e823df05a188cab98bf 100.0
2703479 1516345412898 1516348116377 262dd0871672e5ab115d1be1bd4a7fb2c9136965 100.0
2703477 1516345412900 1516348116377 262dd0871672e5ab115d1be1bd4a7fb2c9136965 100.0
2815156 1516345413150 1516348228306 0bddc961d57e66bcc46e96d5e83052785743480e 100.0
3596471 1516345413181 1516349009652 406a5076c27c2a4d0cc535f103ade5e659fa2187 100.0
2814995 1516345413311 1516348228306 0bddc961d57e66bcc46e96d5e83052785743480e 100.0
3595763 1516345413889 1516349009652 406a5076c27c2a4d0cc535f103ade5e659fa2187 100.0
2708040 1516345414393 1516348122433 e4d9ac4772b62a375c8c1dc837068e4293cdd371 100.0
3577904 1516345414891 1516348992795 6d65df885d9d6cf914e3e7d416c19af729e0bba2 100.0
2701659 1516345416988 1516348118647 972e80a88249fc97ed750eb1a414dc6173ff1a5e 100.0
2700827 1516345417820 1516348118647 972e80a88249fc97ed750eb1a414dc6173ff1a5e 100.0
2728200 1516345418273 1516348146473 43cb11d9a42148ba1fd8f0b312ad3283feb11d17 100.0
2727802 1516345418671 1516348146473 43cb11d9a42148ba1fd8f0b312ad3283feb11d17 100.0
2727566 1516345418907 1516348146473 43cb11d9a42148ba1fd8f0b312ad3283feb11d17 100.0
2730577 1516345420846 1516348151423 0f6c20338b174be615c4e569a2b49463576051af 100.0
2735836 1516345421676 1516348157512 e4cf5c03aedb2d0c0a3440d6bb0f84ff49c03b9a 100.0
2812234 1516345421708 1516348233942 2a0392aefc5adc92affde73f1d07787d857c8bff 100.0
2735791 1516345421721 1516348157512 e4cf5c03aedb2d0c0a3440d6bb0f84ff49c03b9a 100.0
2713862 1516345421993 1516348135855 e152a6d9fb51abcc1b19ad186e2a4fe6e7ab3322 100.0
2724180 1516345424986 1516348149166 982291dfcbbc588bbd93a3675bd3a707ea458e2d 100.0
2717453 1516345425534 1516348142987 fe1571fcd4a3a3cbc9a4a403418680ede22ba05f 100.0
2709566 1516345425569 1516348135135 973c71169b716986144c109e7a37b96457f01b1e 100.0
2775808 1516345426307 1516348202115 ce51ebde5e7ba3de6e7b1e24a51c57b97c71ac62 100.0
2707617 1516345426815 1516348134432 d907403f2833da6fe51671e9a106c9729f26de9d 100.0
3053655 1516345427600 1516348481255 4c5e9dd27a2e9c6c23bfc83bd2cf19041d4862f6 100.0
2722654 1516345427841 1516348150495 d0f8a22665fb8a5250a35b956c25eedf7e2c5c95 100.0
2721693 1516345429126 1516348150819 ee6e899222ad3ae26e03907ed4358545120fb382 100.0
2720298 1516345430170 1516348150468 e4deb38376a7045796941fb0b4d74491be0849ed 100.0
2798106 1516345430538 1516348228644 f652cc827cb8e0d68c14ceea55fbfde0c5d9bb1d 100.0
2712688 1516345431659 1516348144347 06a8b661d5fd7cac28a980ed9f7754d220c9cac9 100.0
2806115 1516345432277 1516348238392 9b349268eeb0fa8153a4bccfcbba6e8fceb45203 100.0
2707368 1516345433194 1516348140562 90dfe5100c9db0249ae4157c439f3eb9b7811f72 100.0
2707368 1516345433194 1516348140562 90dfe5100c9db0249ae4157c439f3eb9b7811f72 100.0
2796464 1516345437210 1516348233674 26235019c5bcddfeffd88125df164c86f35b0a84 100.0
2720801 1516345437789 1516348158590 4e40137e28462f23de0b3baaa5a9411b1e1f5bb0 100.0
2768470 1516345438389 1516348206859 94c0dca62419d566c2b57cca99ee7ed368e59ed7 100.0
2775109 1516345439389 1516348214498 033df3f10bafa6a34d85f7e7d9bf6befc6af179b 100.0
2775103 1516345439395 1516348214498 033df3f10bafa6a34d85f7e7d9bf6befc6af179b 100.0
2806284 1516345439467 1516348245751 fe5a5ea1c052457ae3922cad64eaa3c087f34696 100.0
2719409 1516345440603 1516348160012 e0477804bee12c51db11d2423e7eed8a91ef8a3f 100.0
2744109 1516345444785 1516348188894 b0a62a9f18974bd7955b5affa7d4e06a81f8deb1 100.0
2723624 1516345445336 1516348168960 c6d914fb5915f7180e77b98a844ba8dc18c73cd6 100.0
2704688 1516345445799 1516348150487 cc686f4d535e6eb87993bb22498b136df8fbed3b 100.0
2936854 1516345473942 1516348410796 0b8a483bf243ad01967ea3df1830260d8db8908a 100.0
2832908 1516345475957 1516348308865 26e531ddf2d63029118aae5496170c80170c844a 100.0
2704925 1516345477806 1516348182731 dfb074c296890e9c600a1d7c48ecf47b7f41f747 100.0
2704923 1516345477808 1516348182731 dfb074c296890e9c600a1d7c48ecf47b7f41f747 100.0
2732419 1516345477928 1516348210347 758f2429c1a9a51ef0a11a7e3aed1c151dcf9cf0 100.0
2734563 1516345479797 1516348214360 4385efd4f3ed0cac7d51bb2ebe9a9b189b57fb69 100.0
2729770 1516345481844 1516348211614 c27b80c6860e4804c10f4371a47005f531a45a2f 100.0
3268252 1516345482570 1516348750822 058683484892f2bd3c121a91679a15ea6058e41b 100.0
2774268 1516345483575 1516348257843 e6f3f9826511df3cd59937da7f0920c2172040a6 100.0
2741116 1516345483757 1516348224873 4ef12a5d93bcb4ff7eba4df3a8163d3258269a8c 100.0
2744905 1516345484375 1516348229280 8de75ba8d34755be3abc484a63283b7f0b385adf 100.0
2717275 1516345484389 1516348201664 ff15757f014b44980ab15f5f2ed43e4dc0b04ba6 100.0
2979199 1516345486646 1516348465845 0491d7a6aa3c5848e779e572d192494d8355d53e 100.0
2707995 1516345489247 1516348197242 29996244639f34f9237dbae80e7a80e459a8be00 100.0
2707995 1516345489247 1516348197242 29996244639f34f9237dbae80e7a80e459a8be00 100.0
2707993 1516345489249 1516348197242 29996244639f34f9237dbae80e7a80e459a8be00 100.0
2702442 1516345489392 1516348191834 a7f4be157c94a7462926dbf4908f44d0581072be 100.0
2723548 1516345489676 1516348213224 452257ff8a875bc45c84b3d98257620fd27e4889 100.0
2725027 1516345490246 1516348215273 0950109a4f2dd240dd5586e755776c76be59b232 100.0
2700520 1516345490299 1516348190819 68cf46f3248ff6c4930e3084cd307161b4374c6a 100.0
2700520 1516345490299 1516348190819 68cf46f3248ff6c4930e3084cd307161b4374c6a 100.0
2700045 1516345491094 1516348191139 23d51c4b8efbc8d772bfac30ba47fd47a7516d85 100.0
2700045 1516345491094 1516348191139 23d51c4b8efbc8d772bfac30ba47fd47a7516d85 100.0
2700040 1516345491099 1516348191139 23d51c4b8efbc8d772bfac30ba47fd47a7516d85 100.0
2724336 1516345492315 1516348216651 17b71f6de50356435837b9ba1233779b426c3453 100.0
2724336 1516345492315 1516348216651 17b71f6de50356435837b9ba1233779b426c3453 100.0
2728616 1516345493350 1516348221966 8e47c3eedf51e29fc408d899031ee4edbabfd6c5 100.0
2703719 1516345493793 1516348197512 e6dfd5063adf8f8fe1c2efc4e06d257aac33bd20 100.0
2703718 1516345493794 1516348197512 e6dfd5063adf8f8fe1c2efc4e06d257aac33bd20 100.0
2719482 1516345493836 1516348213318 c0ce8ff16a7079c9ae2a6be00c404f995de389c4 100.0
3530453 1516345496873 1516349027326 eaf61d60bbae2e7f97067bc4aa03842d9b62453a 100.0
2784506 1516345497690 1516348282196 ad146e13d5b93ba7be7ddbcd29d7609252afe590 100.0
2779050 1516345498098 1516348277148 227669c4744ec6efdfd24a3d9d0b57da0b3921e8 100.0
2753713 1516345498568 1516348252281 558cbb127fc6098ad6f466f7554fe2ae442e48aa 100.0
2718383 1516345498862 1516348217245 f2816d95f18601898c450b64e7a76a3bc471a226 100.0
2768868 1516345499428 1516348268296 d012aea9b41035e38ad4336cccf1cbdbb35cfadc 100.0
2768801 1516345499495 1516348268296 d012aea9b41035e38ad4336cccf1cbdbb35cfadc 100.0
2715685 1516345500979 1516348216664 2e12f840d7fb13b789336f7c53c2572eb6d08a23 100.0
2715399 1516345501265 1516348216664 2e12f840d7fb13b789336f7c53c2572eb6d08a23 100.0
2715392 1516345501272 1516348216664 2e12f840d7fb13b789336f7c53c2572eb6d08a23 100.0
2715177 1516345501487 1516348216664 2e12f840d7fb13b789336f7c53c2572eb6d08a23 100.0
2763686 1516345502222 1516348265908 aa4ea7f23c0530dd9fb3826529e571a97c7b6f9c 100.0
3557820 1516345502394 1516349060214 e0523cf86d2a82a3ac4b0c094ac2ba5cd4f54ca8 100.0
2731133 1516345503539 1516348234672 73d9212ca46ceafb6ba4ca23832199294f38eb48 100.0
2762109 1516345503799 1516348265908 aa4ea7f23c0530dd9fb3826529e571a97c7b6f9c 100.0
2715366 1516345504414 1516348219780 bf9382a73562f45f6e51b3b84707639e0dd6580e 100.0
2707995 1516345504569 1516348212564 79213ecf7eec97e7fc83882a50ad29e924c709e3 100.0
2728815 1516345504896 1516348233711 cc416c5d0c96d3ab17e15a692521ef5a5af2187a 100.0
2703111 1516345506108 1516348209219 5e9f4b05b3b0d858d57bd4b5e1ebaa03f44e36d8 100.0
2723920 1516345508680 1516348232600 b70b766ad467d1229faf522ce8ccec9cb663b454 100.0
2735664 1516345509445 1516348245109 4bd9d7eba10f6d6746932baaec07a3ac8977f9b4 100.0
2758227 1516345510363 1516348268590 10b58f8e24119cb2502de79763dcd432df28927a 100.0
3598341 1516345510481 1516349108822 5a7de37ba12bc69fa4ae6781db9f2828d4439628 100.0
3598087 1516345510735 1516349108822 5a7de37ba12bc69fa4ae6781db9f2828d4439628 100.0
2743971 1516345511433 1516348255404 a8511d9e587754478611420d94762dff92ede8d2 100.0
2723924 1516345511791 1516348235715 f2319620a6e8ff7755b901093cbde48a6c91a9ea 100.0
2710778 1516345512438 1516348223216 20dedf92df21a6fb814db493aab4340969fa1f6a 100.0
2771057 1516345515072 1516348286129 12e204ad9c0d08bd800193c8f27d687fe13e4081 100.0
3314489 1516345515672 1516348830161 d5b40eaa2ecb5778b05c9d883979838ca6a3f6d0 100.0
2805037 1516345516798 1516348321835 2ee43d5a5d203edd7ca8e25d794ada3a26a76438 100.0
2707871 1516345517970 1516348225841 f167c8532c3631871e54f0608b4d9a185b8fe58c 100.0
3598868 1516345532766 1516349131634 24da1c7e9367547c8fabeb23f74938505e1dedcc 100.0
3598832 1516345532802 1516349131634 24da1c7e9367547c8fabeb23f74938505e1dedcc 100.0
2724365 1516345532763 1516348257128 6831c83abd5eae040460d12cdf26a6bbe53e183f 100.0
2721929 1516345540543 1516348262472 6239b1f82876bd6a82178d6efab0728b6be06881 100.0
2721928 1516345540544 1516348262472 6239b1f82876bd6a82178d6efab0728b6be06881 100.0
3125962 1516345541140 1516348667102 aa69049182d22ab6a891ebd194e1aa2c6ea81d72 100.0
2708932 1516345545046 1516348253978 280f6d93b2b3b607c8ac53b435bd3bfb83631a7b 100.0
2756737 1516345546744 1516348303481 736a21ae5cffac12023ccb242ace4e6cefa1f227 100.0
2700182 1516345548550 1516348248732 875e4dc65bfbe7ea610a9f1202aae8272dea3f91 100.0
2787464 1516345548886 1516348336350 0dd4973036025ef98f0cfa8fadad447bf1bc6291 100.0
2714522 1516345551991 1516348266513 d052cd5201c91be5c619ad8f11b808d56d87a5ac 100.0
2728823 1516345552463 1516348281286 8676a7597f6b84cca61b5cfb062b673b62020c9b 100.0
2701423 1516345552556 1516348253979 2cb57c7635d0dacc17128ea5bfb094635f1ed02c 100.0
2734689 1516345562409 1516348297098 db86f92c01de4d3a2d236bee17b9511f1acba3b8 100.0
2714918 1516345562806 1516348277724 9d751cd346201ab6d3690f8ee1f8e46fa2ded2b5 100.0
2720836 1516345562853 1516348283689 761d6dd55f2e32b1c416643ab9babc2f5cc7b4aa 100.0
3275840 1516345564133 1516348839973 c1cf33b5026a86cd21f03e089f7f0a514ce5bc52 100.0
2703935 1516345564985 1516348268920 7f9a8fc8206239aeb64cff96d3d722517ded26d3 100.0
2727502 1516345565495 1516348292997 d8410db42840698b96668139071f598c1e5c5120 100.0
2713452 1516345569355 1516348282807 2b3ae85fdeb1ce005d97cd20c556aab06e096d1f 100.0
2804912 1516345571541 1516348376453 b61e9117b8c07efdb848c82e2bcab929bb475680 100.0
2722554 1516345574959 1516348297513 e27714539ef6c21e5cdc82cc5252c264dba1aa62 100.0
2742080 1516345574961 1516348317041 eb358322e59f935a71b76a764a3f11afc0882ac1 100.0
2777661 1516345575101 1516348352762 2a99280f6c1a84391d84886078ad9265a50481f4 100.0
2777661 1516345575101 1516348352762 2a99280f6c1a84391d84886078ad9265a50481f4 100.0
2755920 1516345575504 1516348331424 5541b5ec0b168ca7820af485233f19bbed2de63f 100.0
2755918 1516345575506 1516348331424 5541b5ec0b168ca7820af485233f19bbed2de63f 100.0
2740229 1516345578040 1516348318269 416e233d02b98a5a0b0f1365b8950c793f4cd895 100.0
2723821 1516345579125 1516348302946 5c6f1088966612c9982d266957c77d913ac083ce 100.0
2724651 1516345579133 1516348303784 5c185e97340a90dfdee5257173d1d0ecf9bb9d16 100.0
3516364 1516345579841 1516349096205 6dba154317bdf4df6de6ca4c8ad242fcdd41711b 100.0
3593229 1516345580136 1516349173365 964de2ca76e2a98be082d971bc0554ef731d3d64 100.0
2718977 1516345581054 1516348300031 1ed8d4943a87607aa236a0c76e2c2f94d954468a 100.0
2701277 1516345582836 1516348284113 4d2e71508bd7136ce44028dfd475def23fbdbf3e 100.0
2724159 1516345583347 1516348307506 b474dd4694a384b735a17a4ae8b87104d8a25c61 100.0
2724159 1516345583347 1516348307506 b474dd4694a384b735a17a4ae8b87104d8a25c61 100.0
2761301 1516345583398 1516348344699 4d88ec43ab34b70d7a5e53da29c0e3236f8dad9c 100.0
2703880 1516345583450 1516348287330 2fc7deff9e2d991bb1d217ca13e3ff7ddd246043 100.0
2729268 1516345583721 1516348312989 3349d4c884e6ffbec4da13e30aedb10d0b040d25 100.0
2730369 1516345584620 1516348314989 f83f92080316f019f588b29be3317a62cf4bdea4 100.0
2709087 1516345584829 1516348293916 6b687b1ead436f72c41b8f1ff0419dba84755bf1 100.0
3525823 1516345588669 1516349114492 20d42a3d0dc40d6de3b0c994bec0c4bd3e3ef145 100.0
3177736 1516345588929 1516348766665 67afbe495fa569bf89745dc86eb689cb07fe402a 100.0
2733099 1516345589956 1516348323055 5098928adb6e5cab1faaad616821597028132dae 100.0
2987882 1516345591240 1516348579122 5ae6c0534ffd3ba21b3c2af85eb70cb5d1dd4acf 100.0
2769780 1516345591325 1516348361105 e53b117bfdda79fa01a2afb60d37bf6fb4335bb8 100.0
2735196 1516345592351 1516348327547 bc19978c48b521d820c9689e0df1c757bc64b8ed 100.0
3521082 1516345594190 1516349115272 519a5fe211f131bb66e0d565b9e82a489f1892b0 100.0
2740093 1516345595155 1516348335248 c01e60954974fca5e871c10cbc4f333b41b8f5f6 100.0
2740727 1516345595130 1516348335857 05a15b2a816d62bba443b1ef7eab8ff8da5ef69a 100.0
2740124 1516345595124 1516348335248 c01e60954974fca5e871c10cbc4f333b41b8f5f6 100.0
2712138 1516345595565 1516348307703 59fabcaf127cca25bfed4be0eaf52e836743963b 100.0
2711836 1516345597591 1516348309427 94f3efd1e717d9b9e88e66de1bee54b4d70e1c5f 100.0
3152185 1516345598863 1516348751048 024045b9d5994d4045c020ef3ef94052467451b1 100.0
2772386 1516345599745 1516348372131 fe6b34bd7d0d1b65465bad78188db53581efb550 100.0
2748337 1516345615282 1516348363619 a5533451b317bb7172a79d28933c9f4ada58791a 100.0
2735489 1516345629981 1516348365470 1e768f896db1f92b70e78f857f5720448b3fb7b5 100.0
3485130 1516345630162 1516349115292 1bcf6b0d67a8773ce730f3768ad033f800837e50 100.0
2760333 1516345630749 1516348391082 b666d7a3267cb3486a0309102a150e42c27d8ca3 100.0
2790290 1516345632650 1516348422940 e582559601d4f7135a96443f207f6f1a8ba56bc5 100.0
2717453 1516345633124 1516348350577 6cd1676e0c5be4c0edf2b811c13243ead34d9e57 100.0
2730946 1516345634771 1516348365717 29e16fefccf641c9f36b4322904d23d4524bb04c 100.0
2768996 1516345635686 1516348404682 38f015a4bbb6fa4fce20e7485a7a9317248a143c 100.0
2752088 1516345636824 1516348388912 bd77cee72936cefc6db79f7df8aa348347787b25 100.0
2754343 1516345638779 1516348393122 53262ebabbd1884aaecef9352d175ed797b3efc7 100.0
2754324 1516345638798 1516348393122 53262ebabbd1884aaecef9352d175ed797b3efc7 100.0
2716627 1516345640119 1516348356746 20a431124a7a884bd7e302e5b52c6c1b416342b0 100.0
2716627 1516345640119 1516348356746 20a431124a7a884bd7e302e5b52c6c1b416342b0 100.0
2700416 1516345640488 1516348340904 b210e27a6be9cc614aa4b412625c395b86de6ff9 100.0
2702428 1516345641190 1516348343618 c53cc52f8b11b69272d18905c356ed2437af6cad 100.0
2744354 1516345643911 1516348388265 0bd978466f1f8827b56d06f5f24d3fba85b7564f 100.0
2729162 1516345644444 1516348373606 21395dde5515620768438d6301beb2c976969e07 100.0
2701082 1516345646639 1516348347721 96c754d34c67e3914f27fb5dae23d8bc9e09c0ba 100.0
2701079 1516345646642 1516348347721 96c754d34c67e3914f27fb5dae23d8bc9e09c0ba 100.0
2844502 1516345647646 1516348492148 a8e3b329c148423772e67132b80b5f6bad899d99 100.0
2730174 1516345647665 1516348377839 7a2d9b739cec54d2302de02c1ace1638a86fb974 100.0
2705665 1516345647911 1516348353576 3b1c6a5a7d6aa83cff1c9c61518a3d1cbdd06ebc 100.0
2705664 1516345647912 1516348353576 3b1c6a5a7d6aa83cff1c9c61518a3d1cbdd06ebc 100.0
2702597 1516345648077 1516348350674 a7b011dc39035fa29eb8df9db7c471ff5b30ff60 100.0
2700113 1516345650070 1516348350183 590fe4ffe8432fa854835ad2d61998f98d5c5b93 100.0
2713804 1516345650252 1516348364056 5c894e56284a4a9ef245888960ca2af71acedf67 100.0
2705509 1516345650590 1516348356099 045dcddf120fd3be13f22cb9d60b4ee5c0574432 100.0
2705506 1516345650593 1516348356099 045dcddf120fd3be13f22cb9d60b4ee5c0574432 100.0
2708971 1516345650746 1516348359717 6be9f0b6d0a092d566bd73f85c0d7ab8588ff1ea 100.0
2701575 1516345652160 1516348353735 7904718bcccb6533707cb4cc1f8198546665250b 100.0
2745218 1516345652187 1516348397405 62ca0cd7a3d56cefabbb91c9524886513024be77 100.0
2925456 1516345652272 1516348577728 74282854c0ca11a312ba56fd47f6ce94e14eb3e9 100.0
2799246 1516345652383 1516348451629 a6688b1e8eee9580cfd97d6cd924fdefd7b82a2f 100.0
2700261 1516345652653 1516348352914 24813f791c575603a2da46ef883ecb0983635c8e 100.0
2722059 1516345653092 1516348375151 64096190f537a6fd7f6e814e387229663d640900 100.0
2707027 1516345653603 1516348360630 93866798bb1c5030d5493e6206bb9aad8735e3f4 100.0
2715455 1516345653805 1516348369260 a411da74e7a4b9d3acc38f57a0fcce54c4b0bf54 100.0
2714416 1516345654749 1516348369165 ed1fea6801350a7fe370a9567ef1c3f6c0a96fd9 100.0
2714401 1516345654764 1516348369165 ed1fea6801350a7fe370a9567ef1c3f6c0a96fd9 100.0
2710056 1516345655217 1516348365273 e1fa34f864784545e852abacb15b0fe1dbcebdc5 100.0
2718859 1516345656314 1516348375173 339103b46325877b1cb5931c829fe5cfc76afd3a 100.0
2730846 1516345657749 1516348388595 bc7f71c1d5bd013101f927713ddaa39e7607d043 100.0
3552483 1516345660327 1516349212810 d7ba1ab4cee2a77d53d4dfda38ab31d709fce087 100.0
2771395 1516345666780 1516348438175 568698a6a9157a53f5e2613d8aa46e8dd9279c69 100.0
2712467 1516345667903 1516348380370 d0bcd18aca79c4fdb9b72da9a6d543c054c552ba 100.0
2727620 1516345668788 1516348396408 ecfdcf49a2636cf182d63b9b8b570decafc846f3 100.0
2712659 1516345669171 1516348381830 73eb28955a570dcf2d12151e002e5acd4296871b 100.0
2995414 1516345672006 1516348667420 332c39ab9fc5537d0c19dbb3446af709f0fe84d9 100.0
2995393 1516345672006 1516348667399 332c39ab9fc5537d0c19dbb3446af709f0fe84d9 100.0
2703415 1516345672112 1516348375527 f3b0c2f15d8520bf154bcc599b24e61a13b9433b 100.0
3251717 1516345672231 1516348923948 552ce7273a5ce9d8b4f0bf09ac6bf7f529a971db 100.0
2734815 1516345672644 1516348407459 a426bde9505ebf5cbfe03eeaa98c641eb1d662f3 100.0
2706063 1516345674051 1516348380114 da9265414e2f6d37526ac28e9df9625da25a6dad 100.0
2809559 1516345674295 1516348483854 678d7855aa105da9f0d071bf5ebf6563863a2453 100.0
2759033 1516345676124 1516348435157 e17d0ae22a4467418681e3e22b5cc721ce8690ac 100.0
2712484 1516345677739 1516348390223 94238b2c1f5324ec8ab52e13e4a292d8cc02d1ca 100.0
2715395 1516345681210 1516348396605 c751613fa984197f7162985c81655f1a29e52afa 100.0
2758726 1516345682699 1516348441425 f63876475e895546af42a7d55c7cd170ce385ac7 100.0
2722750 1516345682999 1516348405749 118988efaee35a19ecff34c79a2b70900b7e477b 100.0
3275376 1516345683080 1516348958456 6547acb5430ddcf3de4204f764f5cc2b7dd85754 100.0
2749653 1516345710956 1516348460609 d2fef14390c692f7c793d9bff1994fd24f110a0c 100.0
2702411 1516345711366 1516348413777 35a9fed50dc0c096f0325ed7c5b42c6a816382f2 100.0
2726509 1516345713213 1516348439722 315d8149da8725a76e06bc19955fba92c3b605dd 100.0
2718097 1516345713238 1516348431335 9048bc9be66d31d6bf806332a74397789e78e4e6 100.0
3593273 1516345713770 1516349307043 d5b40eaa2ecb5778b05c9d883979838ca6a3f6d0 100.0
2718138 1516345713930 1516348432068 45c66597db08c498b714b8716868de0b8e9380e7 100.0
3037114 1516345714099 1516348751213 99a10bdef82ff6ed445d1b698350b5b619a279bb 100.0
2749538 1516345714271 1516348463809 012acfd77d51a59b1e0ff45d61920b5f8fcdbf19 100.0
2721037 1516345715284 1516348436321 afab9d642a33a1d179131e9de306ad84048b6725 100.0
3584617 1516345716465 1516349301082 1ed1789af2685c4e620cc48bb21feb73ad4786d7 100.0
2714602 1516345717819 1516348432421 9b2e8ffb241eeb739780cb9cf15f3de6f57bfc12 100.0
2701293 1516345720388 1516348421681 69654f21144f41a0f50fb95b8eec1acf41d7c672 100.0
3213587 1516345720981 1516348934568 be061bef7a8db4b3a07d20aba5347f3bbe90017e 100.0
2716896 1516345723893 1516348440789 18fdd13230605f7d0a4e34adf4233248afe54bdc 100.0
3581147 1516345725898 1516349307045 f3ea18ab35694fe518cc9e80a47e9f2f5f886bd8 100.0
2805662 1516345727272 1516348532934 b4e8ff0b9ad366a98c31d92d6c6af1045804eeed 100.0
2703225 1516345730297 1516348433522 f018350ef5b3b5bd8368d7b9c4a476d99fb219fb 100.0
2754476 1516345730872 1516348485348 8828a1eb21123eb9444ea717601d11e5bdac986f 100.0
2780595 1516345732986 1516348513581 c1f91e2c350abff2d378a0023548263467805973 100.0
2776679 1516345737586 1516348514265 30450542ba448a61df1225b999e159673902bb08 100.0
2708864 1516345738812 1516348447676 a8f10c79237ad6c5832e1b4ed450e40fc2d01032 100.0
2912584 1516345738859 1516348651443 c66d4416a79c9b4e0d271cbcff90571bde9ed895 100.0
2754071 1516345740188 1516348494259 d6d5724d4347fb356f16a37e4358a636a3392528 100.0
2705730 1516345740281 1516348446011 51e8516a7cb8af5e53196e6e6a1cbdf9ee82c98d 100.0
2727346 1516345741128 1516348468474 e4e10dcb1d48ef79467ccb08811fb053fc945960 100.0
2732897 1516345742530 1516348475427 0ddaff988f3906460fab16421c8c0bdc849fb304 100.0
2724908 1516345749222 1516348474130 40a2513f8c28b5854fdff290e528d01584b2e497 100.0
2710728 1516345749292 1516348460020 e900b0c9cb85928ab2ab052bff88e406588e3e59 100.0
3358536 1516345750979 1516349109515 84ed78ecd73bd18e5da7449d62187b296a50d9ae 100.0
2785607 1516345758604 1516348544211 12435e1a4ee956d4d81c96df6294657dd60d51ea 100.0
2821769 1516345758676 1516348580445 8a6eb8d8b1b22fc589120fdc6b151995530064cb 100.0
2729623 1516345760311 1516348489934 f306c22f426116c71c1cbb0bda2d69bbcd9415ad 100.0
2891171 1516345760580 1516348651751 1cac921f18eaa59836f52307304d67e2daa01271 100.0
2708555 1516345762992 1516348471547 288f6d21965d086f881bb76ccb004d6bdb001044 100.0
2701365 1516345763008 1516348464373 3a01cb4115808e2cf27a190886c5e2721b62238a 100.0
2701343 1516345763030 1516348464373 3a01cb4115808e2cf27a190886c5e2721b62238a 100.0
2701333 1516345763040 1516348464373 3a01cb4115808e2cf27a190886c5e2721b62238a 100.0
2705808 1516345763745 1516348469553 c3be48df3ae039ac7666fceb1242bbb1ad1f7536 100.0
2716680 1516345764939 1516348481619 48f252f9c714718403ad9279eb9cd048b49ddb19 100.0
3338181 1516345765310 1516349103491 01ed6b6f7f66431f168e4ef2668d445b9b04c0c6 100.0
3338185 1516345765306 1516349103491 01ed6b6f7f66431f168e4ef2668d445b9b04c0c6 100.0
2715533 1516345767675 1516348483208 1bd601dd6089d6c85d6b9f821f8022d552947165 100.0
2709323 1516345770929 1516348480252 ed66b18c5c9bd9c1a27d725840c4ba42d549ee3c 100.0
2709300 1516345770952 1516348480252 ed66b18c5c9bd9c1a27d725840c4ba42d549ee3c 100.0
2709013 1516345771239 1516348480252 ed66b18c5c9bd9c1a27d725840c4ba42d549ee3c 100.0
2920311 1516345772577 1516348692888 c52a8050beef1631ec61b367e7899bf96f5b382f 100.0
2865466 1516345772876 1516348638342 bbc4940e9951967c59956efb4072cb994653ce1a 100.0
2701153 1516345776255 1516348477408 d14c72a9457036ed7a9293fa03fac8cfab2c3819 100.0
2701151 1516345776257 1516348477408 d14c72a9457036ed7a9293fa03fac8cfab2c3819 100.0
3598705 1516345796424 1516349395129 fe079a1d5207487e24cb41100dfde5e9e7989c72 100.0
2720264 1516345800723 1516348520987 4b41b58d283dc6e9b4a469b2087846bf0d509254 100.0
2720266 1516345800721 1516348520987 4b41b58d283dc6e9b4a469b2087846bf0d509254 100.0
2751999 1516345802334 1516348554333 977ba5d46616f1ef4f5582ff3d9e078afaa70877 100.0
2708448 1516345802819 1516348511267 a7483722e0fd87be2196ecbd14670ea083d89970 100.0
2793218 1516345803471 1516348596689 7eb20495fd9535754c8428dd87ec45c84fe9fe0a 100.0
2734171 1516345803837 1516348538008 7de1f49f8856207863252849fd0d024279d82ce8 100.0
2701437 1516345804347 1516348505784 a3438bf720259d1ec1e4bfd41a573788b5a42712 100.0
2735927 1516345805266 1516348541193 ebd1ee81809eb170be28861c53ff897f7bc8172a 100.0
3569180 1516345805901 1516349375081 5627a63b799aee6f6f411ba45032ac1b7d245180 100.0
3569180 1516345805901 1516349375081 5627a63b799aee6f6f411ba45032ac1b7d245180 100.0
2707935 1516345806474 1516348514409 e6861aabb89b921dc3137c8f7fee964ae1b505fb 100.0
2770898 1516345807776 1516348578674 f92c0cc67a9d86a819f131b214f29b28a0596607 100.0
3030222 1516345809741 1516348839963 11d80410497ccd665233fd002a783178b8739464 100.0
3589708 1516345810416 1516349400124 ecafe566d9669d1db50e33f76046f243d15dd922 100.0
3590426 1516345813006 1516349403432 6d36ff68e44163422836613fc593a6f441088749 100.0
2708885 1516345813074 1516348521959 ada0eadce89d1573599902b88c2edabc97891f5c 100.0
2778084 1516345813451 1516348591535 29b8bf697cb0206c323f565ecddf1a5ef3c67d0c 100.0
2705635 1516345813829 1516348519464 8aef0890efe2f5b147094e88a2d4613e365813db 100.0
3588907 1516345814483 1516349403390 ace181c71d01a9910afd186979aa185e36bad115 100.0
2757721 1516345814723 1516348572444 81452de1d469cda29194dfd7e200d710b42132f6 100.0
2713727 1516345817632 1516348531359 0e1d25ec5af69b52bfe708e4e631fd054ad2d56c 100.0
2724716 1516345819026 1516348543742 b1a7888f89fb98dad6c11c8e942179cf9f1eddee 100.0
2705749 1516345819155 1516348524904 b88f70f93e254467371e8bebbd0f50022dcbb078 100.0
2714062 1516345821952 1516348536014 754c664c9e3f386d1dcde565e60b0701dad10530 100.0
2731322 1516345824114 1516348555436 0cb61437b4a8c44cc467f2de9795c26eee38e7b5 100.0
2743071 1516345824777 1516348567848 e367aa5c88f943449ed3fd541aa572c6d758a810 100.0
2704735 1516345827125 1516348531860 32d0ea4b0fb15134de6866e6a7d47ac559bb4ab3 100.0
2702749 1516345828913 1516348531662 01cf037725f50b01ac2626bfe61f8cd9c7bb6221 100.0
2701041 1516345832072 1516348533113 20e3340bd8fb8484782d9d9e2010de8d6f37097e 100.0
2701040 1516345832073 1516348533113 20e3340bd8fb8484782d9d9e2010de8d6f37097e 100.0
2716248 1516345836809 1516348553057 f3ebfea5f097632d7d6db4edec912c58a1d9153c 100.0
2703195 1516345840019 1516348543214 370f829b39a1960ab6bae396d98e201bfc19a2a9 100.0
2701569 1516345840137 1516348541706 7e0a1f94bbd5e8fdcd284d22eb528cf0ee1b93ff 100.0
2701569 1516345840137 1516348541706 7e0a1f94bbd5e8fdcd284d22eb528cf0ee1b93ff 100.0
2707174 1516345841866 1516348549040 73618a7ffbe4ea0b2c9885a44d9cfbbfa813b163 100.0
2707174 1516345841866 1516348549040 73618a7ffbe4ea0b2c9885a44d9cfbbfa813b163 100.0
2757442 1516345844224 1516348601666 89f705f90c9598c97f0e08a0970f5d69f63d276d 100.0
2709892 1516345845447 1516348555339 2469476053e59de2adf8ae24761664d2a4c0dff3 100.0
2818053 1516345847427 1516348665480 6f5f0a9e98b730b786a26fb8b4edd37ba4687262 100.0
2730362 1516345848032 1516348578394 b204d6e6bcfe44be2790cd82a07dedaedd3ff4ba 100.0
2707140 1516345848461 1516348555601 57cca687e698e0ce9a099a150cabd40b8dc0764e 100.0
2735647 1516345848726 1516348584373 9e0dd63c4f3566a119474bd21b69b50197d91892 100.0
2987905 1516345848864 1516348836769 ef241b2a296c69542e559725871611ef7beaef2b 100.0
3263268 1516345850329 1516349113597 75e8da9119088359f49714362bc8d432940723df 100.0
2710787 1516345851479 1516348562266 c700a86b2419784d24027ad1ff037e659cd916f7 100.0
2839201 1516345851960 1516348691161 7d603897ef05a8c9675fdd2e28a332afb4c56764 100.0
2708514 1516345855299 1516348563813 4b674c5c108c895df27ce984647dadd6f17f7935 100.0
2737048 1516345856263 1516348593311 6b1f1c8fba91a52d1f8e658938b520f456b99532 100.0
2737043 1516345856268 1516348593311 6b1f1c8fba91a52d1f8e658938b520f456b99532 100.0
2707218 1516345863913 1516348571131 30ee7b4ba886ef1e33117d65a690ff822821a549 100.0
3523699 1516345864598 1516349388297 0648e0411ab80e44b6adf8297beed5c76a7b9d0e 100.0
3523699 1516345864598 1516349388297 0648e0411ab80e44b6adf8297beed5c76a7b9d0e 100.0
2799848 1516345867085 1516348666933 654d2c7658c89cb8ea77f6875baa662e8f83f288 100.0
2712592 1516345867819 1516348580411 13d2f37d55a24b8166410ea8afecced6d5695a65 100.0
2712551 1516345867860 1516348580411 13d2f37d55a24b8166410ea8afecced6d5695a65 100.0
2778020 1516345871030 1516348649050 c268095e34b28fde2c89a4163a61c8221953da86 100.0
2711744 1516345872062 1516348583806 0b0e2335e1d5cceee2d9e2f1bb1e0065bb6d56fb 100.0
2727423 1516345872262 1516348599685 122dd08f28746a4be0e814831695165d62c71183 100.0
2735852 1516345873305 1516348609157 255133b83ecff952dddec722342b1db21e844312 100.0
3595042 1516345894653 1516349489695 4a360fc4f64f174a284c698ae658b9ef9a0b23b6 100.0
3597500 1516345894870 1516349492370 f79a43cbcfd3a9de48bc340845501ed07a7ab7ac 100.0
2746740 1516345902259 1516348648999 5673754041807b6dcba5c9c384627bee2b5a2903 100.0
2886266 1516345902854 1516348789120 21287cd4fa690b68ac1c157e28a5dd368beed126 100.0
2702824 1516345903141 1516348605965 de3e5829df372aeaeb674f7f6b297b8273722ccf 100.0
3488260 1516345903871 1516349392131 d701e89f10732b932e08483a56fabe8c36b7fe6c 100.0
2702036 1516345904966 1516348607002 852946865788683c6d61b6399d06edc8f7cc1572 100.0
2726394 1516345904996 1516348631390 2700308ff93d6d9037a77a093f6a4a1cb8cbba7f 100.0
2726393 1516345904997 1516348631390 2700308ff93d6d9037a77a093f6a4a1cb8cbba7f 100.0
2728554 1516345907139 1516348635693 934f9aaf2b4342f86ea90bcfbce4a8ca9fe3ae25 100.0
2709359 1516345909559 1516348618918 d04e8607e09f33914df0cc3575a41408208bc668 100.0
2759896 1516345911260 1516348671156 404ae5fd156b0c49f6246c41d95d2fd18698145a 100.0
2759894 1516345911262 1516348671156 404ae5fd156b0c49f6246c41d95d2fd18698145a 100.0
2752956 1516345911731 1516348664687 9dde8472cdad905f3bf59646386a03637621622d 100.0
3002433 1516345913245 1516348915678 fc47e0d92afde3df8780e04500d93f26be3b2d7b 100.0
2755974 1516345914546 1516348670520 bb9ee3a6d66ea46c6c2b6dd8d8db2c304fa12b03 100.0
2755973 1516345914547 1516348670520 bb9ee3a6d66ea46c6c2b6dd8d8db2c304fa12b03 100.0
2706710 1516345915436 1516348622146 7063c1d076beea6c0b0dba9a180cfa1eacd3ee9f 100.0
3392765 1516345917014 1516349309779 85e68020a27995053273b0aa6e35bb9a13ad40c2 100.0
2775481 1516345918753 1516348694234 e58cd037645392a180dd074eb8510f02d9b10452 100.0
2717399 1516345921225 1516348638624 769ca2c4924c03a1e1a3eb6bacf8dcc007a42c9b 100.0
2819002 1516345923172 1516348742174 5706e0e86a1b991723d6b92fe7b923a1fe5aa824 100.0
2708484 1516345923405 1516348631889 1241ec5db8cdcaa1c80d29af1c7dd7cbad4445a4 100.0
3387871 1516345924013 1516349311884 7e780b87f9bd5a9a4ee243c726e0d49d61c8dd2f 100.0
2753163 1516345925171 1516348678334 6181ee629e58d8078093575d9e0466b845cf4ae9 100.0
2775102 1516345927244 1516348702346 5ebc892a0e568365da3fd83b7d16f110a66c34bb 100.0
3565910 1516345928232 1516349494142 6aeadb003b7c37742a85fbd0fd7edb9e5bf9e597 100.0
2736021 1516345929270 1516348665291 765d1a441b0ff626ae1fdd85a6295241cd7c9edc 100.0
3562064 1516345930500 1516349492564 122b42363e124613d8d6f0924d1b8c18bc683ccf 100.0
2819886 1516345931263 1516348751149 051addb2900a6dd9f102a9f9e1ab7bfe01364adf 100.0
2719995 1516345931458 1516348651453 8088b310dda99a5292c1af6bfd3405347f4936a6 100.0
3563857 1516345931553 1516349495410 02f6c63e8f334ea2e56d8ca2ddf7b48fa36cdb6d 100.0
2709628 1516345932254 1516348641882 2f0e7af0bd5140e17a1dc12d642a52e8288f6a44 100.0
2722176 1516345932982 1516348655158 a617d4496ded160324893e7f3bb7e2b0c14e1119 100.0
2703137 1516345933362 1516348636499 455116e41d8cb3db17c1010293f36d5f1a5dbed6 100.0
2733706 1516345935024 1516348668730 158d27e376a685378fa7b1a8a5136e8d54b04f98 100.0
2735468 1516345935036 1516348670504 64d4c63bf5a0864ad0c0bf4bbff0ad6eca18dc69 100.0
2702968 1516345936385 1516348639353 1383de1c7593944f2ed506886e6925a096177eac 100.0
2712283 1516345937328 1516348649611 e917de208d3632a41aebfbca317c8b38156963ac 100.0
2736993 1516345937496 1516348674489 6a27c99dc3199074ed1ee19c6949f9103d592d20 100.0
2898521 1516345938888 1516348837409 66fead139b47714a7fc1c1c3e4ea0ddac6c9e56c 100.0
2759038 1516345941609 1516348700647 fd7ac15ab6713b8473b03f0cfd8484e7b4076820 100.0
2721414 1516345941747 1516348663161 977944412a28cc04eb50ed7e5b894c0046bbf7d6 100.0
2724263 1516345942786 1516348667049 8797e028b1eb597b9ea1921f142dac94cda70094 100.0
2727417 1516345944215 1516348671632 710e412651950548f80c19175df7cf776df133f3 100.0
2701157 1516345945474 1516348646631 bf96149e2ab4560e1554560193df4936a8563bc8 100.0
2701157 1516345945474 1516348646631 bf96149e2ab4560e1554560193df4936a8563bc8 100.0
2795911 1516345945571 1516348741482 295deafecefbb0c1a78ca13f7770e5669197a7d1 100.0
2744256 1516345948266 1516348692522 42139a255b6d032d1b4d027eea1926e3acba0291 100.0
2724264 1516345948316 1516348672580 4226c5c923c6430cf10bb44e258b2900e4c92ba4 100.0
2740755 1516345949957 1516348690712 546a97c0e448140279a3c35eadd457844ce00001 100.0
2818671 1516345952022 1516348770693 87073dbd7fbae24f17c5ba74922511975aebcb34 100.0
2726376 1516345952588 1516348678964 64679e1cb5ac47e4adff4b47ad9af45b40ae172a 100.0
2700315 1516345954031 1516348654346 83548ad4832a728a99a9b9122d687c0ac9eaae23 100.0
2714553 1516345954366 1516348668919 aa9a681d5e3c82aac5b988daa1f5794c6405d8c5 100.0
2728051 1516345957335 1516348685386 77fc34240afbcf9e163c4aec5adcf6f6ef4c79a4 100.0
2775884 1516345957574 1516348733458 a4ee48f997634aaea2c7c95fd4a749d5b26f096d 100.0
2705615 1516345957748 1516348663363 da119f4badf55f17d00dacdcd0c925cd6fb167d9 100.0
2744623 1516345958704 1516348703327 31145fea4b85d46f2cd6937d0cf3f1cff4861052 100.0
3251827 1516345960920 1516349212747 bfe6ab4dd8e9579460bea7e961287fc99dd24faa 100.0
3596865 1516345962000 1516349558865 35b1fe5a5601716c84adc8cfb4b08186fa6f28ea 100.0
2712355 1516345962702 1516348675057 1072fb2a2dda6dc9278e2cf85fcb8484b2c8b154 100.0
2712351 1516345962706 1516348675057 1072fb2a2dda6dc9278e2cf85fcb8484b2c8b154 100.0
2824893 1516345963493 1516348788386 5347ae1a46e10fb8a9784fec17e0e2854ec2db78 100.0
2704595 1516345968332 1516348672927 f09eb8199b8510f4882cf5c5eb1b70647a4bfb67 100.0
2700639 1516345969123 1516348669762 2d2d5d350d4e6bf063ebf2a9b1bb65240a1d29d9 100.0
2705018 1516345970060 1516348675078 147515ea4bda10ed03e3dc2cbef1894378ec7400 100.0
2705018 1516345970060 1516348675078 147515ea4bda10ed03e3dc2cbef1894378ec7400 100.0
2751106 1516345970426 1516348721532 b1f964514cd1839927deeac2e2dcb3fca6e8ecf8 100.0
2702609 1516346002628 1516348705237 9927f79bec6439b06946e19c1240e0b899ba3c9d 100.0
2740083 1516346004580 1516348744663 62a1921ff7de87a534776d56d005faa8493b3a8b 100.0
3488674 1516346004906 1516349493580 fc9e191fb880fe3b9d247bb31c6946ce1017555a 100.0
3300806 1516346007211 1516349308017 2b53b1e5bf8ce3968e796d179efc0e6b6d57253f 100.0
2750862 1516346007311 1516348758173 7ffb5cd8b90821fc8267dbd89fe2c4fc543e5bee 100.0
2750859 1516346007314 1516348758173 7ffb5cd8b90821fc8267dbd89fe2c4fc543e5bee 100.0
2821588 1516346008734 1516348830322 8fdfd0919ea514e7e14b62870d0676cd01662083 100.0
2707936 1516346011243 1516348719179 352ae74988d3cb420a32d631815bce963ef6e572 100.0
2707936 1516346011243 1516348719179 352ae74988d3cb420a32d631815bce963ef6e572 100.0
2707935 1516346011244 1516348719179 352ae74988d3cb420a32d631815bce963ef6e572 100.0
2781168 1516346013515 1516348794683 69ba57610c9c750ab1677db5708ab48bf2ee365c 100.0
2762661 1516346015033 1516348777694 ff7c576f7cc331901cdd12d3ee2b7882b793248d 100.0
2961910 1516346015854 1516348977764 4d1b05dc8130120301f9e76e915017c4dae621a1 100.0
2820032 1516346016730 1516348836762 6585a2599284f024248795a24124fa302ce7e92e 100.0
2820031 1516346016731 1516348836762 6585a2599284f024248795a24124fa302ce7e92e 100.0
2771336 1516346018079 1516348789415 076f8f1095623c01686abb58f7c4c063a6ff5414 100.0
2729966 1516346019108 1516348749074 43b3b130ee8d830feab37eabfdbfdf3a477c4f70 100.0
2702024 1516346019372 1516348721396 4231dcca9e5631be55c5961616bc3d814c081159 100.0
2704311 1516346020579 1516348724890 44219eaaa73ee69a9c2630778d477b6aeccac9d2 100.0
2733052 1516346021648 1516348754700 1ad63d90a2c87ef0c11190a84e8de18f00579f25 100.0
2729495 1516346022259 1516348751754 1789aa693a7028276171cac63eb08338599068e9 100.0
2821247 1516346022317 1516348843564 df58e4e076bcaf190b4c857097a7bfcf16e4f3f2 100.0
3470843 1516346024583 1516349495426 d41bb2af0a9c2b98d56b932cfe1f08dd4bf90cb8 100.0
3468386 1516346026977 1516349495363 9c35e9f1d0906f58fb1cc8e8089d5d46372b0d79 100.0
2875057 1516346027806 1516348902863 2414197cf852870c83c909116d10365d46121ccc 100.0
2786037 1516346029117 1516348815154 11af5a7b93a7ee9cc00cda13751e5e52842cc160 100.0
2786036 1516346029118 1516348815154 11af5a7b93a7ee9cc00cda13751e5e52842cc160 100.0
2706589 1516346030307 1516348736896 996f0f69398ad44398b496d9ea3d5487b3c0a6bc 100.0
2712285 1516346031799 1516348744084 a6a1e8056d4474c823790ef4b775e57b99114df5 100.0
2712512 1516346033281 1516348745793 a96ccec336ac2dd470c2350e053070779384565f 100.0
2729303 1516346035639 1516348764942 c3752cffa8771de7de17b89c42b56d795445dabb 100.0
2714944 1516346035984 1516348750928 bd3cb1f140d1ab006a4a6a04bab633879d3f445b 100.0
2710857 1516346036097 1516348746954 1a571c587c3628a488b7877e55c165b713da66b9 100.0
2746389 1516346040329 1516348786718 2c0f5300845031c91c05c229051838fc5a99112a 100.0
2779169 1516346041057 1516348820226 17d8d03327d124b4a374a9538554bfbe1dae762c 100.0
2761198 1516346042652 1516348803850 b59d303368bf4b64530fd8b3870f5c08a3f2ebee 100.0
2883936 1516346042741 1516348926677 d453c34ddcbdf2373c4278003cf9d032a0372430 100.0
2747711 1516346043752 1516348791463 8550fd7d37a42157623d7f2fb74f06020abe6933 100.0
2747710 1516346043753 1516348791463 8550fd7d37a42157623d7f2fb74f06020abe6933 100.0
2744626 1516346046117 1516348790743 87d2e79eaaf0b4c98cf9ec13c6d6f929f3255b9e 100.0
2723557 1516346046388 1516348769945 4ea71af20ecc62a63cbda8b5159e20dff201baa6 100.0
3269622 1516346047454 1516349317076 ff41ea1f77ef075e7dddc977e253e0144655879f 100.0
2709694 1516346048715 1516348758409 050fda9ee31187919c77a6e47b1340066791935a 100.0
2704435 1516346049515 1516348753950 8d19cd31cbfce81e639cf97b59624f0b058c07f7 100.0
2821854 1516346050919 1516348872773 0c9442b10ef5bd6b287b2840f5160d3efdc4fed9 100.0
2713635 1516346051332 1516348764967 4d400ac2b07fc103420faaf88ae2150fee1ac1fa 100.0
2713633 1516346051334 1516348764967 4d400ac2b07fc103420faaf88ae2150fee1ac1fa 100.0
2704194 1516346052446 1516348756640 a527a6c38abad173ecf244c4ac2fedd83471603e 100.0
2704194 1516346052446 1516348756640 a527a6c38abad173ecf244c4ac2fedd83471603e 100.0
2723319 1516346055053 1516348778372 cb3d5427e2f06a97b970d2099af63bfd14302606 100.0
2782283 1516346055155 1516348837438 085fb68eed49c3ab1c6a1561ecaf8155ebc33b36 100.0
2726832 1516346055255 1516348782087 5de0bd16d86415a4889b4e7e297f985fb0c6f484 100.0
3548590 1516346055334 1516349603924 a9479be9df6834d40d1e59b44afc7e93af6bf093 100.0
2718815 1516346055976 1516348774791 fe4959b5c4ffe57cd5ac8bd781b87609f76b9d43 100.0
2718814 1516346055977 1516348774791 fe4959b5c4ffe57cd5ac8bd781b87609f76b9d43 100.0
2750501 1516346056308 1516348806809 441e6bbb68af41ca955428e10d7e1832448b05f9 100.0
2739347 1516346057763 1516348797110 510ba14d08e9ea7f54358a78a036ce62b6ad868f 100.0
2708423 1516346058100 1516348766523 a60fb71cdb297032929b04dbfdb603987b76926e 100.0
2728081 1516346058468 1516348786549 382e3be17603e619c81e8a5293c80f32b8d66d0f 100.0
2702055 1516346064737 1516348766792 c7895d367f75dff0d837601869a9eafcac00acd1 100.0
2773246 1516346066690 1516348839936 ca7205ed3b0199524b029be7215a3279bd67590b 100.0
2715086 1516346067083 1516348782169 8bdcc5358d0af4604f5b1416122db32e9781a736 100.0
2723501 1516346067406 1516348790907 d3dd394aca6286e23f53949893175ae66b2916b1 100.0
2758830 1516346067558 1516348826388 64f9e9ce6133d21d50f1eed9d42d2fd637d4eca0 100.0
2726573 1516346068566 1516348795139 c1c0dc0251adc89c65d1c85e46c722f17c907eda 100.0
2820019 1516346091134 1516348911153 6b18b8156227ea66b243537e9e10a6146e0eb739 100.0
3403503 1516346091891 1516349495394 7a393d7ae97118a74286ed1256b4aae076fd1c7b 100.0
2784469 1516346091913 1516348876382 06f795df02bcb81d342a353d0bb5ef3683420e23 100.0
2732069 1516346094184 1516348826253 aee5fdc35581013b1953bf0eb1ec7a31838d7403 100.0
2793586 1516346094253 1516348887839 037cacf14cb4ec1ce8c853fd5a2e53bd55f1085b 100.0
2912110 1516346097019 1516349009129 64cd9b787224770263117810928624530c1d279e 100.0
2732408 1516346099436 1516348831844 71b048b4d93ac177dd337ed91c4e7ae72c641b5a 100.0
2754774 1516346100567 1516348855341 5d755c0fdedc78ea82633082448acb464d5be90a 100.0
2707429 1516346100673 1516348808102 cc1db8f776bdc86541142e6b6b2d6ae1b2daf79a 100.0
2707427 1516346100675 1516348808102 cc1db8f776bdc86541142e6b6b2d6ae1b2daf79a 100.0
2764558 1516346101524 1516348866082 0282ac76d17c811a45738f8c493ac2519cc7ec49 100.0
2755176 1516346101895 1516348857071 166c3f314eedd78a29aa967b6063b607261770b5 100.0
2755171 1516346101900 1516348857071 166c3f314eedd78a29aa967b6063b607261770b5 100.0
3597650 1516346102077 1516349699727 7168035ca78b1d7c09e4cd112b0fc175649ec84b 100.0
2705990 1516346102694 1516348808684 9802eb69f33488c1a0a9135fd5926d6a5dbb17db 100.0
2701779 1516346105510 1516348807289 b3dc592094c71230066b47c02b2bd0297a5022a8 100.0
2723744 1516346105808 1516348829552 04fa85a51ab84d45f03e6e88edbae3001bc6ab43 100.0
2730251 1516346107187 1516348837438 8eca09a9d1987f4e43de23268cf8a929fdf49875 100.0
2730250 1516346107188 1516348837438 8eca09a9d1987f4e43de23268cf8a929fdf49875 100.0
2921452 1516346108749 1516349030201 3851b1dbc9e2c2cc62ea0da8354e3c1cac34c08f 100.0
2718569 1516346110420 1516348828989 f604e66551a690857b93fc6d227151b77959437d 100.0
2718565 1516346110424 1516348828989 f604e66551a690857b93fc6d227151b77959437d 100.0
2725156 1516346112278 1516348837434 82d87c738870b658c2a2924365b4ddcebbc74069 100.0
2725156 1516346112278 1516348837434 82d87c738870b658c2a2924365b4ddcebbc74069 100.0
3575482 1516346112585 1516349688067 185219ecdc3fa64b2ad2809a251603391b1348c9 100.0
2881417 1516346112929 1516348994346 9c51e70a70e3564ee487caf5b7139fb5e5ccf504 100.0
2715921 1516346114256 1516348830177 804551c514e7c1a88ece6e4d49cfc8c8b12a3bf4 100.0
2800425 1516346114571 1516348914996 e673a10da5af804c0247fa3ac5e34f94baa63030 100.0
2717802 1516346114824 1516348832626 2ae2c32cd8c874944b82ddf70e2fb5476ae79a1e 100.0
2734349 1516346115075 1516348849424 8aa4f4b02b0ef95109204e8e241bacb70f89a77c 100.0
2731367 1516346115540 1516348846907 f92d2b4a91ac798c264ba97e12df6c31cdff7ae6 100.0
2707032 1516346116365 1516348823397 d548fbf0a58e02b9bc68b719fb79731fc8277043 100.0
2705273 1516346120810 1516348826083 ab45d97d1302162248523b8aaf433f85f7822fd0 100.0
3051180 1516346121819 1516349172999 9fedf2add214a854c7541eeb256f54cb052db8b7 100.0
2775892 1516346122422 1516348898314 e36806f341b1e40a58fad5a52d795b05a1bfa352 100.0
2737050 1516346124419 1516348861469 dafec0f91c3f59d88d805ef520a6937bdde8a62b 100.0
2737651 1516346124588 1516348862239 8d2d99235dace987a4027af1feec17339667dd16 100.0
2716598 1516346125703 1516348842301 d2c77c8eeff42e2c49e49d4979752e734a9ba2a7 100.0
2710911 1516346125708 1516348836619 b424cff99b3074b5955199903fa9e9e2b6e30812 100.0
2708431 1516346126497 1516348834928 1d802ef24a2d89b31f6e10931f6c4a1f18208f04 100.0
2711347 1516346126804 1516348838151 7974a0edc91a88166cdbadf32f951c6c2fcfd69b 100.0
3417623 1516346130234 1516349547857 a053e227ec89742f63842518a0e30e8ffb1a1bb4 100.0
3178826 1516346130606 1516349309432 e7de2edc08bcd0e9c7c82d2375f72fe522618fc8 100.0
2710010 1516346131288 1516348841298 f0ef08fc72cd973d9771c861b0888c5422e28b06 100.0
2885173 1516346135136 1516349020309 6c02bd8ea50e9e7eed9799db91cbc550d1366145 100.0
2708673 1516346137442 1516348846115 cd34b5d87009543e70a076a3026c5cbb606add5e 100.0
2819870 1516346138021 1516348957891 00170fbb29144db7f045910a8dc0e8a729abdca8 100.0
2786157 1516346140508 1516348926665 7aaceac31269cf6d0c49b5bb69e6bd0b6cf2039f 100.0
2744967 1516346143528 1516348888495 a30383249ec42856035e1ef1cefb1d1e7d76ec36 100.0
2710827 1516346144763 1516348855590 d3ff8884df865b148be7a7bcccda1fa03a55abde 100.0
3519345 1516346145123 1516349664468 3e85681d1a9cfa225e9c1cd7d5174daf5d1a557b 100.0
2860945 1516346149054 1516349009999 98b54c39aee429d94c072dcebc4b7c2231a28da6 100.0
2711129 1516346156121 1516348867250 863b5868bf1fba058e6654a841fcb24a3ab0e9e5 100.0
2703457 1516346156512 1516348859969 c108f3400e4d9aaad5213c0a22a4999e3b4a9fac 100.0
2769064 1516346158650 1516348927714 87212d4f990610ac3108ed30c9d8d18c4d705ceb 100.0
2710340 1516346159437 1516348869777 3dcdd7155f83ddbb144f28a50a86f0ed45f8ba8c 100.0
3229643 1516346160749 1516349390392 19a82b67d0dbb2d6df842ce2c634f53c3aef3e9d 100.0
2782975 1516346160767 1516348943742 de9a0e22d51384150dbc721858014dd129aef448 100.0
2970663 1516346161254 1516349131917 43bdc6cc6fc8fd419769602baae91165e7cee63d 100.0
2710754 1516346162918 1516348873672 2776c8efcc3baf92fc1b0921042f38718db988a3 100.0
2710727 1516346162945 1516348873672 2776c8efcc3baf92fc1b0921042f38718db988a3 100.0
2763248 1516346164032 1516348927280 91e0fe0ea6150fa3c675b2e0d8600ca1afba841e 100.0
2735495 1516346181378 1516348916873 b47ea51cf5c217ddf42d3a797a73239d2a1bdcb2 100.0
2701891 1516346190551 1516348892442 6e5c6b271672149b35ba62cc933424cc889f2e1c 100.0
3209127 1516346191208 1516349400335 780969b31d2ceec3ec344921c4305dda6aa16e77 100.0
2749040 1516346191598 1516348940638 19aa7c4ce0a7a01b089ef529096476fa65e7ac32 100.0
2761741 1516346192333 1516348954074 72303620f0007039504ab2a3d494582ac3660b90 100.0
3595888 1516346193444 1516349789332 40c47aad55973859b926fe0654c79ac4ee5992a0 100.0
3595881 1516346193451 1516349789332 40c47aad55973859b926fe0654c79ac4ee5992a0 100.0
2741072 1516346193920 1516348934992 f7c82cf800255b1697a33ac93cfb5468f31c2478 100.0
2741069 1516346193923 1516348934992 f7c82cf800255b1697a33ac93cfb5468f31c2478 100.0
2700989 1516346193952 1516348894941 b7b7970944f4dd40cb33b3bff42c80dce18d5755 100.0
2700988 1516346193953 1516348894941 b7b7970944f4dd40cb33b3bff42c80dce18d5755 100.0
2724602 1516346194062 1516348918664 370dc49479dabac35b6690daaf85470eec958ec5 100.0
2729894 1516346195049 1516348924943 1b76a0bf47fe23075dda514ef328041dfe70b6c9 100.0
2823765 1516346195290 1516349019055 3d6f6fc80ae5c2c5dda8517519281d32150a1a47 100.0
2703032 1516346196115 1516348899147 1e3ad55d457b3d07241297151a2125f4432907cd 100.0
2914670 1516346197176 1516349111846 c203afecd349911805eaf9002697d881121deca2 100.0
2702579 1516346197525 1516348900104 c12a92a6bd258cd018c7bf85f517aca8bce626b8 100.0
2728871 1516346197773 1516348926644 fca7d63b5dae441748e895b704001883812b5142 100.0
2729614 1516346198073 1516348927687 91a117d6acdac569fc44a4b05401ae6aedca416a 100.0
2717309 1516346198134 1516348915443 92eef10a50844f47af2dd11b1ada0c8c421c6ad7 100.0
3590704 1516346198610 1516349789314 90de5608b5262c6678f90c9a4960cd5be80c8290 100.0
2750655 1516346198987 1516348949642 e0f54b8f09585a9878a2ddd43744ae2cf9c513a9 100.0
2710129 1516346200816 1516348910945 a10b18383b313889551be3fdb277e07e58371852 100.0
3289842 1516346202451 1516349492293 fd5ee76c8add275fb7aa3c197c99abe3f39312b3 100.0
2770574 1516346207278 1516348977852 e347aa6f973207f8bfa7fbfe103c0b909b659c09 100.0
2746069 1516346207421 1516348953490 459517c5af5423b8375090d6b4fd18688fd23cbb 100.0
3063321 1516346208923 1516349272244 51d515ebe14be4a24b09e16bc882d03e0ab6442f 100.0
2740150 1516346212479 1516348952629 06ee38569ea4a68268526691ddb98a9ea469640b 100.0
2817619 1516346212592 1516349030211 07b79a458e288d0ecd5be6b9633e958538428089 100.0
2701580 1516346212593 1516348914173 751c3aa8b3a1e8eb65dce87b7ac34bbeb7dcf4bc 100.0
2700144 1516346215103 1516348915247 e67ca9b69af6a40a8054c5ba5873c1023346ca34 100.0
2793029 1516346217359 1516349010388 3324c4579dbf344a03f7930de7d0656dacf44e00 100.0
3565876 1516346219169 1516349785045 4543fda34656ee1c3b2fd872756d81255ee78a16 100.0
2823743 1516346223430 1516349047173 199c42d2466e2699d2b04b11c20193b36a9a2734 100.0
2742257 1516346223490 1516348965747 ee3725ae380b76f0f08cbb51a5fbee5a66751228 100.0
2720428 1516346223641 1516348944069 0b83b8323ccf8e2e364015bfbf14d641555ed837 100.0
2704751 1516346224784 1516348929535 af84fb794e77008ab7941d86a2aa48e4eb40b54d 100.0
2704751 1516346224784 1516348929535 af84fb794e77008ab7941d86a2aa48e4eb40b54d 100.0
2741155 1516346225559 1516348966714 e7229ec74bc24ce50c343df0272ae31094533d6a 100.0
2808678 1516346225649 1516349034327 a58445d61cb58897f4c9ef3877e8e5dbd607cd8b 100.0
2716420 1516346225948 1516348942368 f392aa57a089f7dec07ad9a0a8b89b2060b90cf1 100.0
2752980 1516346230412 1516348983392 4ad414c2363b41c37ea5f25ec71731fe23b8e32b 100.0
2725772 1516346231427 1516348957199 ecf7e6c88e658d660615393a567a1b9663861070 100.0
2714219 1516346231905 1516348946124 6f1a891a2d40df9b9b649c8b95884efe6acdc85a 100.0
3167097 1516346233458 1516349400555 d44e390312252e346d3f37210d57e5cffa040589 100.0
2716749 1516346233487 1516348950236 e905f28a8b4f4cfdbdd40d80a304e196e0617be9 100.0
2716749 1516346233487 1516348950236 e905f28a8b4f4cfdbdd40d80a304e196e0617be9 100.0
2716747 1516346233489 1516348950236 e905f28a8b4f4cfdbdd40d80a304e196e0617be9 100.0
3142466 1516346235718 1516349378184 b3bd20680ea5cac94a62392a0f549cf85f1d53cd 100.0
2707009 1516346236290 1516348943299 6ea9f41395f385ada275c44810e322365dd7f8c7 100.0
2715775 1516346237807 1516348953582 5383562f48ef906d978b599f15153eef1f5d967e 100.0
2715774 1516346237808 1516348953582 5383562f48ef906d978b599f15153eef1f5d967e 100.0
2734545 1516346237943 1516348972488 d97bc22aaaae524082c994299d01db524910c98a 100.0
3598153 1516346238319 1516349836472 987f8e0f3aaecf266236b1ccfa0f5379866d10ef 100.0
2757484 1516346238370 1516348995854 09345e6e54913748040506edccce7b8effc7de30 100.0
2701306 1516346238523 1516348939829 50199db6895d92f64c603d009bdad5f25c9eedae 100.0
3140164 1516346250339 1516349390503 ad9e79845aac9e3b86352ddaa738ab0ada111b7f 100.0
2831676 1516346252395 1516349084071 4ef12a5d93bcb4ff7eba4df3a8163d3258269a8c 100.0
2726024 1516346252516 1516348978540 ccaa39f4db42e6824028e524cc0be31b5933a9aa 100.0
2767599 1516346253514 1516349021113 0f6c20338b174be615c4e569a2b49463576051af 100.0
2718384 1516346253573 1516348971957 9b8a55fa41b6c2c2ef0c88187f36c665fc49301c 100.0
2734260 1516346254174 1516348988434 cf7f86bdccaa095568b61c1d2839fa39bf887b5c 100.0
2727859 1516346256001 1516348983860 da71cab44a0b948d066d5e2104e048de7d89320f 100.0
2728891 1516346258085 1516348986976 500ab350753068ad0d07b6733e4c539263ec5b9e 100.0
2725225 1516346258814 1516348984039 27c7f560724701018b5033a8b353595bb852dc2d 100.0
2749636 1516346260909 1516349010545 08af89f2b95f8f54a37f5dfc2f32470ce9445150 100.0
2749446 1516346261099 1516349010545 08af89f2b95f8f54a37f5dfc2f32470ce9445150 100.0
2772009 1516346261697 1516349033706 56cfef3f46ac89f44c0b24b64ff5073065a1fb4e 100.0
2878233 1516346261799 1516349140032 62a6aed47786b20d69229c3c05e6515d86a76f2a 100.0
2727754 1516346261847 1516348989601 0a48e4b322f034be749767fd9ef76d270e90ba3c 100.0
2801879 1516346262652 1516349064531 73f41ef8a3cc3ec4f99376e5012223a4c220b73c 100.0
2778944 1516346264979 1516349043923 e67883c4eba04354706aa763794f35bf57475e4e 100.0
2702448 1516346265568 1516348968016 b8f491642af4f74d54313f85422ffef2644bdb13 100.0
2702446 1516346265570 1516348968016 b8f491642af4f74d54313f85422ffef2644bdb13 100.0
2702446 1516346265570 1516348968016 b8f491642af4f74d54313f85422ffef2644bdb13 100.0
2796805 1516346265680 1516349062485 f1c90fb17b62eefff238a5ec5135e40c38f8a195 100.0
2715034 1516346266045 1516348981079 16193e09ff096d3e40228b1da1e7ba37835be0cd 100.0
2750158 1516346281769 1516349031927 549c0a34daa01b219fc5051edf12693801ec57cc 100.0
2710120 1516346282729 1516348992849 3f9288030afeabf8794ba7aa0d8ab51384b957e2 100.0
2702458 1516346289767 1516348992225 44643fbcb48082d63ed29a5e039850648d7da5af 100.0
2732640 1516346290790 1516349023430 4145d09e9bb2366ee8f6ced8eedad04c6a0ee7eb 100.0
2729830 1516346290895 1516349020725 c7abca4f12c917cbd71b0f603165db50df509e13 100.0
2706881 1516346291042 1516348997923 5175917276e8be5ed7a2eb629ce518ed02aab443 100.0
2719593 1516346291500 1516349011093 dbde1995e931b7900a9ef9c5adde948307cc9a67 100.0
3599737 1516346291858 1516349891595 d04500da442e45d510582da6b6bcbd5572b4ce5b 100.0
3405469 1516346292713 1516349698182 27f7285eb8d88893b7613b9c124569060e69a348 100.0
2755007 1516346293004 1516349048011 0a37618b634399145198122b65de0cdd70604a09 100.0
2728360 1516346293768 1516349022128 e152a6d9fb51abcc1b19ad186e2a4fe6e7ab3322 100.0
2718471 1516346294128 1516349012599 66404f9a25d9c5cabfab6468fb75073bfb67e98a 100.0
2809802 1516346294842 1516349104644 6e2953f6b519e100e0acd6dd45c27928f94a8d16 100.0
2714235 1516346294965 1516349009200 748ef1e9455357116e3ed1979d0d93e1f2ad7a48 100.0
2723449 1516346295808 1516349019257 8af3cebd129bde7ca84dbb368d91f4cee0bf0067 100.0
2824296 1516346297052 1516349121348 6b464483b35f78d5bf68c507b2fd2f1163d362a0 100.0
2727553 1516346301364 1516349028917 3b5ce60e2a6e5b6a803d5d530ce9258a6e5d7839 100.0
2706540 1516346301602 1516349008142 85eafa38facafec633e562ecc0764ba6eb606140 100.0
2758872 1516346301820 1516349060692 600a346c73e34826c6fbdee5ce7101b823983541 100.0
2724959 1516346307818 1516349032777 16b52717829d5a3c0db1b636edf29a434e950499 100.0
2761178 1516346308052 1516349069230 5ce87850614e583f34d554b142bbe174bc30653b 100.0
2779437 1516346308705 1516349088142 f8e113dcf1645f8c041a3b6281726dbe323d176a 100.0
2715028 1516346309292 1516349024320 09b57d314b435a1b10aaf4d03289837d08fd4566 100.0
3085427 1516346310328 1516349395755 d3db806f87049abc305319b73181ace349d05ab2 100.0
2711816 1516346313401 1516349025217 09815abc779bf814ea8bf710d92c61f3549d381e 100.0
2711816 1516346313401 1516349025217 09815abc779bf814ea8bf710d92c61f3549d381e 100.0
2703496 1516346313818 1516349017314 578a92f6260160d073aac616b00ddf816f1eb1dc 100.0
2721341 1516346314539 1516349035880 931808a509677e1c02f3689291fcc7595784ee44 100.0
2746624 1516346316556 1516349063180 13dc1d026c3232452f7473cad455b28e78995e33 100.0
2798768 1516346316597 1516349115365 cd7820e2b98483eda5db7386d7d1415730a9f6b1 100.0
2763936 1516346317375 1516349081311 e2d26aaf4ebf913a622c34631441a76498ce8a99 100.0
2700956 1516346317810 1516349018766 591ade680df12890d1db824006f69aa4fa40542e 100.0
2769171 1516346321471 1516349090642 51472fdcaf1ff606748fedae164cdcd237628008 100.0
2793950 1516346321902 1516349115852 d35e092aa45522599e27f0dd422dc6c83dbf75b3 100.0
2712710 1516346322446 1516349035156 2e88129716e578be0a0c406675840bf7d396dd1e 100.0
2712703 1516346322453 1516349035156 2e88129716e578be0a0c406675840bf7d396dd1e 100.0
2999936 1516346323255 1516349323191 9713e7f81ca5dd87af707f9809a0b6f0823d0659 100.0
2702982 1516346325238 1516349028220 92bc5b143579cebdb29b4bf4eb6b340513d54cb1 100.0
2710716 1516346326426 1516349037142 6f79c6266b537407d5314361c31ea5b9e6d9b5df 100.0
2734102 1516346326686 1516349060788 77ec79fab5e47ff46b3d4c17baa8d29c1083fe52 100.0
2791940 1516346326804 1516349118744 2f8d1e260fa97eb2c6a6310a11a36248064547de 100.0
2705864 1516346327591 1516349033455 10adedabf61d6b648a2e3f67fdbe250e200be94b 100.0
2785952 1516346329620 1516349115572 4d88357aee715da4722c8f555f922b7db56ed916 100.0
2718307 1516346330689 1516349048996 5d7d8d3fdc2f7f6a50cb5e1754a840346c55d143 100.0
2718306 1516346330690 1516349048996 5d7d8d3fdc2f7f6a50cb5e1754a840346c55d143 100.0
2726216 1516346335318 1516349061534 6e9a805fa5e9eaf0e169e538fc9bc6c8ace3f6c7 100.0
2739776 1516346335998 1516349075774 da7e5f29d6a5449d855d641b559a0b4ac2b13717 100.0
2713928 1516346336811 1516349050739 49ab01ebc863ed8403117951cc7fd3ec537c5b6e 100.0
2778242 1516346337541 1516349115783 0949136607f6fbcafe13cf33001c77b57e901fff 100.0
2705751 1516346341053 1516349046804 865c02c508b0a8c4caabd45e86385ade5d157b64 100.0
3544482 1516346347273 1516349891755 e0106ccca92d086fc6ef1954691087296e1389d5 100.0
2725145 1516346347741 1516349072886 48c967a37611a997b6adf4920f5ada140b99ed31 100.0
2823082 1516346349241 1516349172323 d50d1af868ec158d80666b77dcfee07a4be9e640 100.0
2714534 1516346350135 1516349064669 2bbb399dceee3d5fe71742d329f86060d9a95e94 100.0
2714533 1516346350136 1516349064669 2bbb399dceee3d5fe71742d329f86060d9a95e94 100.0
2869075 1516346350745 1516349219820 cfffbf3d3b0227ea0d9b2a24484a525615b71174 100.0
2703592 1516346353688 1516349057280 948873e29cd27b550c15751ce801b80141ff5e0d 100.0
2818389 1516346353899 1516349172288 d0ecc57dd6668a105763911c20cd3337832c998e 100.0
2707748 1516346354955 1516349062703 f51cf59d2e72e5d5bbeba216740347d97e5d5dd9 100.0
2720660 1516346355498 1516349076158 7a7ca9415722d6ad980e1bd8463bf08294ff2c3c 100.0
2722539 1516346355875 1516349078414 54794844ce418972da7f2ebbeef7503bc24b5bb7 100.0
2747880 1516346357245 1516349105125 567ae5fa21d5c91fe0015e75ebd21ea7a79c759b 100.0
2719396 1516346357261 1516349076657 c21d3a15dccb9b2d65b7d703da71158d88970b81 100.0
2719390 1516346357267 1516349076657 c21d3a15dccb9b2d65b7d703da71158d88970b81 100.0
2719387 1516346357270 1516349076657 c21d3a15dccb9b2d65b7d703da71158d88970b81 100.0
2708567 1516346357657 1516349066224 8bdb362c77de2e74fac78ddb542193c44741fa99 100.0
2803432 1516346362378 1516349165810 7f9a8fc8206239aeb64cff96d3d722517ded26d3 100.0
2701113 1516346362673 1516349063786 2650a646c7044256b9c389a1cfdc51e95bd3f5e0 100.0
2754319 1516346363966 1516349118285 f167c8532c3631871e54f0608b4d9a185b8fe58c 100.0
2768351 1516346364039 1516349132390 fbd43cb7c44d10bdc635e8886d360b9a8d337e2b 100.0
2768350 1516346364040 1516349132390 fbd43cb7c44d10bdc635e8886d360b9a8d337e2b 100.0
2718525 1516346367493 1516349086018 076eb373195b6925a8b1084619dc5db3fba1d0ee 100.0
2758637 1516346381813 1516349140450 a53fc80ae5e15e399ce4b979eeb6e512324f3e56 100.0
2711808 1516346385573 1516349097381 b1cdc2acc9e5b64d810a5374109e4e9938a908fb 100.0
2711792 1516346385589 1516349097381 b1cdc2acc9e5b64d810a5374109e4e9938a908fb 100.0
2726902 1516346385783 1516349112685 42c4a797900662a45f62a10f15bbad51d137b01c 100.0
2702724 1516346386143 1516349088867 5e49a6859dbd5ac9f52a4747324e78d6969a80a7 100.0
2702694 1516346386173 1516349088867 5e49a6859dbd5ac9f52a4747324e78d6969a80a7 100.0
2857262 1516346386464 1516349243726 a2c41ef3d3acd8be059a6e101cf3e7d9447e118d 100.0
2803831 1516346388233 1516349192064 fc571c81e1422b14bef9b98326d479afd6c4a265 100.0
2705216 1516346389987 1516349095203 62c51c25a060f4e737d25c5983ab29916b4ecad8 100.0
2701977 1516346390125 1516349092102 fbd4f51e9a72e554d82f7deadae350ff618076a3 100.0
2701973 1516346390129 1516349092102 fbd4f51e9a72e554d82f7deadae350ff618076a3 100.0
2705041 1516346390162 1516349095203 62c51c25a060f4e737d25c5983ab29916b4ecad8 100.0
2701867 1516346390235 1516349092102 fbd4f51e9a72e554d82f7deadae350ff618076a3 100.0
2701738 1516346390364 1516349092102 fbd4f51e9a72e554d82f7deadae350ff618076a3 100.0
2738984 1516346390952 1516349129936 ad37b8472687c756619d399c2cae3cb0b04def07 100.0
2744723 1516346393081 1516349137804 1185e09fed97eb7f5ac16824618972dd7366084c 100.0
3594916 1516346393241 1516349988157 093c0fa202174f4e11fa280f3cba5f0b0d6ca6f4 100.0
3594852 1516346393305 1516349988157 093c0fa202174f4e11fa280f3cba5f0b0d6ca6f4 100.0
2725490 1516346393822 1516349119312 cec8689ba7eb0d2579a10c4cdc729e13bb004997 100.0
2967512 1516346394203 1516349361715 6d62eea175dce3c049a1b64260cedee89b9c8cd0 100.0
2741742 1516346394600 1516349136342 432222509c5f001b9b5fa7190a7f5588d2dd6a38 100.0
2823971 1516346395942 1516349219913 248143821cccfb8e436eee3704a258b06314bc0f 100.0
2786929 1516346396342 1516349183271 06528502f19854abc3993a9c8a828fd6d4b0b089 100.0
2708406 1516346396735 1516349105141 fcb73030632330081d8f7b634b7b70a00c9554e4 100.0
2719094 1516346397163 1516349116257 dc2e648861eda59af923c5ba2219e3e2370328e0 100.0
2701136 1516346397414 1516349098550 1c8496dcf27bf8e182df76402139e20b0e7460c2 100.0
3094458 1516346397838 1516349492296 5e272b40d8a5e80211dccc192b87ce7493f57d02 100.0
2714066 1516346397909 1516349111975 0b5731092405a0a7a3177b84676f211446a258e6 100.0
2725720 1516346401323 1516349127043 597be8af555209ad1dd948f206091d1aeb068b2d 100.0
2838523 1516346402961 1516349241484 5e0ada2f65d598ff0cb90ebedfa44ac769a2fa98 100.0
2708824 1516346406443 1516349115267 aab55abfebc1f21128904a472639bc7ec24e575c 100.0
2703704 1516346408337 1516349112041 b1df1f85c0a9fe2e4b0fe85ca24a64825f69e8a0 100.0
2707948 1516346410725 1516349118673 5467019a4c32b08974386c0c2df7d0ab1d84bb1d 100.0
2701162 1516346411072 1516349112234 7f55635caff08e0f069345d9cc498fd61fbc0923 100.0
2704902 1516346418900 1516349123802 400e48f064016add5c554377fd2cdad9c6925977 100.0
2712511 1516346424769 1516349137280 34e4038b375a29e07204d6cbc24d1c84ceb97460 100.0
2712509 1516346424771 1516349137280 34e4038b375a29e07204d6cbc24d1c84ceb97460 100.0
2708438 1516346426311 1516349134749 2d55f1283ca66e6ff35643144d39f0ee36335f84 100.0
3065064 1516346427400 1516349492464 0045976cbd0df15146212c12de382993318366b4 100.0
2781647 1516346428524 1516349210171 30da64fd467b82eaab8dcd9146ef43472b0c3bbe 100.0
2887603 1516346430264 1516349317867 4db7221d00ca6ff07704010ed23899723ad05a84 100.0
2771047 1516346430407 1516349201454 f00e56c79343056a97bb7ac615cc5ea113694709 100.0
2771046 1516346430408 1516349201454 f00e56c79343056a97bb7ac615cc5ea113694709 100.0
2875483 1516346431593 1516349307076 8ec8c261f7a096d05e7496258e8c5f0a47cc9f28 100.0
2713350 1516346432416 1516349145766 99b17f6a4f1950bcd814437cac57f43070e0ceaa 100.0
2957995 1516346432461 1516349390456 748eb956a949c805f92a33c8714d807c5d16ac3a 100.0
3059245 1516346433177 1516349492422 ec2acd722c0e12a17769f0fdbabeefed8ce68f0c 100.0
2721593 1516346435774 1516349157367 30588f1819a461596a6f64157275875fd5686272 100.0
2864547 1516346437029 1516349301576 e3d495cdef6253022e536b55c8232490d5ddeb76 100.0
2702129 1516346438222 1516349140351 34a5f5c7a0b3f60f862fd578bc3f22d370d2e331 100.0
2734272 1516346439010 1516349173282 33f257c5afb031dc5b14b1b9c1dad1ef6272834b 100.0
2857295 1516346439217 1516349296512 a21362de79e196d4623001895a8cf57095bfb984 100.0
2710158 1516346440292 1516349150450 4859113705f0e18237d43acebf650dc7299d0f96 100.0
2880261 1516346443986 1516349324247 cbe4fd78e9395c6f7e38a89f930f34225adc04e5 100.0
2700322 1516346444299 1516349144621 0095304e5826dbabd6f6d7b00d64339ccbca7444 100.0
2710648 1516346452987 1516349163635 9c33af1f63baa9b90cd87260a2f5fa9afbcbeb28 100.0
2709590 1516346456072 1516349165662 d8410db42840698b96668139071f598c1e5c5120 100.0
3538378 1516346456320 1516349994698 7750ace797d75c5813509a84f5bc28c30782bb0d 100.0
2946013 1516346457190 1516349403203 f1cb4a717ffaa5c84b7b03dae2d915f85924353e 100.0
2736096 1516346459470 1516349195566 a5c8fbe76a057b666c2e01d930fe78e7c3b2830d 100.0
2732032 1516346459504 1516349191536 14aecd29f0b5c418a5445954edda85ab70337cbc 100.0
2713923 1516346463464 1516349177387 31eba953e065f9073fcf6b4f3a4ba377d5425948 100.0
2779836 1516346464571 1516349244407 022297cf65127b5ccb26bf6baeb309c9380cbb84 100.0
3215807 1516346465624 1516349681431 70fde1bcee7984fadab18c1da1e08930546d928c 100.0
3215806 1516346465625 1516349681431 70fde1bcee7984fadab18c1da1e08930546d928c 100.0
3215805 1516346465626 1516349681431 70fde1bcee7984fadab18c1da1e08930546d928c 100.0
2700334 1516346465918 1516349166252 f4ca67fde9904e6531d763cbba49a3974dadf207 100.0
3596951 1516346481206 1516350078157 5d840fe6a7a6b006fb32151e11ef55da24430c48 100.0
3500948 1516346492016 1516349992964 b38cf0cdf3a2cd8b142c3625b725c4b17d0968ab 100.0
2740959 1516346493997 1516349234956 fab10d21db395dcc1a99f1915d69b9dc3cab101b 100.0
2707616 1516346494242 1516349201858 e961e31d2260834f8bed69a639a37bfcbdcc68da 100.0
2741312 1516346494330 1516349235642 a934d8b211c5c1d67504ce0b93c556acc9a805ef 100.0
2713004 1516346494963 1516349207967 970c98994d2bbef186bcafc573801d5afbc25b1a 100.0
3592092 1516346496049 1516350088141 1997893e70dd96b69694692e9cecf09b35a92209 100.0
3391714 1516346496534 1516349888248 e94bcf16d85d57b5e791a3277f2f3a2724206083 100.0
3391713 1516346496535 1516349888248 e94bcf16d85d57b5e791a3277f2f3a2724206083 100.0
2712102 1516346497620 1516349209722 bc922521f1c2810b44683cc2cd26992e1a7e8dd4 100.0
2753111 1516346498266 1516349251377 61cd3d33d667ec14c4b45f7ae1505334c7b6099b 100.0
2715206 1516346498463 1516349213669 8aae93e4fc47d1632319d0f3e3daa0ba780a0391 100.0
2901473 1516346498991 1516349400464 4c1621f0eafb474facc02ee1b9997e3243bd57df 100.0
2773379 1516346499247 1516349272626 c5e6abcc6ba88c7481f12f11fa532febe9f569aa 100.0
2722664 1516346500494 1516349223158 8cb79f9737d0baef4b26546233714cc38be84eed 100.0
2890884 1516346501157 1516349392041 10fbd9f56408793cb4094066eb7a7d3fbfd38ab8 100.0
2894677 1516346501327 1516349396004 24b73ed29673f44d7e03f40f691eba1f1a4bbe6e 100.0
2726079 1516346501351 1516349227430 84a0361688e3399891dff43adc39579937125306 100.0
2726076 1516346501354 1516349227430 84a0361688e3399891dff43adc39579937125306 100.0
2767291 1516346501646 1516349268937 9e7003b2418dcd15b3ca00f2c1d9d184ac454738 100.0
2700900 1516346502085 1516349202985 382ba36f5847f79031d2cf72440fe6839a0db399 100.0
2842399 1516346503984 1516349346383 6f46da0556a2564268189d13613c161a3997a28f 100.0
2843243 1516346504404 1516349347647 367651cd7e051c579053b3136d2750af45287c08 100.0
2843239 1516346504408 1516349347647 367651cd7e051c579053b3136d2750af45287c08 100.0
2850697 1516346504414 1516349355111 162896762343f3afe1efc8211dbf2aab4c1553fc 100.0
2701080 1516346507141 1516349208221 59448ba947fea4c80c05d36e03ae7fbfb47c1404 100.0
2701074 1516346507147 1516349208221 59448ba947fea4c80c05d36e03ae7fbfb47c1404 100.0
2879163 1516346507685 1516349386848 123f08e82b5b9961415c6af6dda4f912a71348cb 100.0
2723861 1516346507781 1516349231642 10bf7c3f9713a4d1e0b12cb0b78d6f9674c578e8 100.0
2729979 1516346507796 1516349237775 aee528d16e6c077d44506fb46eb69734018740e4 100.0
2729978 1516346507797 1516349237775 aee528d16e6c077d44506fb46eb69734018740e4 100.0
2702959 1516346509788 1516349212747 269509439ca49fa2ad8b111335bfaa48089826d0 100.0
2758283 1516346509972 1516349268255 66e9c0e785204152f851f2ca7894cdff073162d8 100.0
2751968 1516346510071 1516349262039 f5f7142999962972c8f517367d14b40e8124a925 100.0
2727861 1516346510729 1516349238590 f00d266432f769adc6a97b29fadef0b35de0e9f7 100.0
3587141 1516346510954 1516350098095 d3d2f315643f03c5c97a3ca6e42d37639920e3bf 100.0
2721948 1516346511265 1516349233213 ebed8818dc4e07c3f06ec0a8c02bc5695dd455ce 100.0
3379531 1516346512203 1516349891734 48df9d70ac40900b3ed2c764ba3f55b2f7b0856d 100.0
2714351 1516346512420 1516349226771 19e6eb1c5c51e4a0486236c4a27af3aeb690b1d5 100.0
2770884 1516346513797 1516349284681 34915bfce1d031a54a5bd6bc0b5b7b97505ed74b 100.0
2774698 1516346515378 1516349290076 82b0bf014713d31e55d310cdbe03d5f140326760 100.0
2793002 1516346515778 1516349308780 1fbe5aad992b6f8757e38df577c3396d307311bf 100.0
2712708 1516346516323 1516349229031 fba28955666608169dbabdc1a33b072b7bc6d94d 100.0
2735614 1516346518842 1516349254456 e7df8022d3ca7779cee184382fba65ff22cd6eb9 100.0
2762340 1516346519376 1516349281716 b07716b22b3b2a1adf0b39ba74ed5f6ea9afa065 100.0
2789704 1516346519717 1516349309421 ca6dbd4d61d140b6313bfd807ec72e6565a53d3c 100.0
2743537 1516346521385 1516349264922 ec79926ef0e5d942256548ecbbd75fadfa564e16 100.0
2724821 1516346522520 1516349247341 a859b54b2a636636095c29595cf37e2d7d824fc6 100.0
2747223 1516346524166 1516349271389 a757461773de6ba85d739b7679c9d2366578cb8d 100.0
3257939 1516346525143 1516349783082 a63f45a8b228ac28d2f50182c5f3df91302a6427 100.0
3562671 1516346525452 1516350088123 d5b40eaa2ecb5778b05c9d883979838ca6a3f6d0 100.0
2738218 1516346527506 1516349265724 9d8868118498445fac6f32eb085f20994189792d 100.0
2700002 1516346528279 1516349228281 76ba17bcd78f3f98ccfff4efcf029911db869029 100.0
2775824 1516346529078 1516349304902 36da28c17ec0afc3ad2801a55e0f7f84720a241d 100.0
2717669 1516346529503 1516349247172 7ccd26fa3a1c32b767154dde9406157acc4e13c7 100.0
2722625 1516346531527 1516349254152 66f60a3538adca19660562b809a47a1b1788de7d 100.0
2812774 1516346532686 1516349345460 0a725535648a8649b8bc9fc83a22b536531b3906 100.0
2812774 1516346532686 1516349345460 0a725535648a8649b8bc9fc83a22b536531b3906 100.0
2783316 1516346534151 1516349317467 a535d1590230693395fcf147c2a6445777d77865 100.0
2728558 1516346535132 1516349263690 cda3d9d6d4f0162044b3a80741d87c8922583d64 100.0
2772362 1516346536333 1516349308695 4c6113030b67f0fc7cd7d4aa5de16de8ad6a05b5 100.0
2772359 1516346536336 1516349308695 4c6113030b67f0fc7cd7d4aa5de16de8ad6a05b5 100.0
2803569 1516346537753 1516349341322 ad4b3a527cf61f7ea46f98b424752e7d970cafe3 100.0
2702499 1516346540719 1516349243218 b878c8b87c22de97a03805b606124bb32b1d41fe 100.0
2735093 1516346543166 1516349278259 e6e7c9eabd2a4d70fc93e7ff3f27cc067befb1fd 100.0
2700590 1516346543999 1516349244589 775c4f8cdcc3885dd8971d33024c30ca5c257907 100.0
3543171 1516346544882 1516350088053 d9772fe8545236854c5feb22ade61394ff0a7d9c 100.0
2750744 1516346545113 1516349295857 ba216b12b7fcd4b4b67aa07f370fc98d94e89b7c 100.0
2729525 1516346545200 1516349274725 da9265414e2f6d37526ac28e9df9625da25a6dad 100.0
2739017 1516346545620 1516349284637 bd2ba81a3693aba331221c456a9d6fea4729fbfc 100.0
2728896 1516346550279 1516349279175 885fad1a8e8488c00449be29586c394152e187a8 100.0
2749522 1516346555302 1516349304824 56dbc7e581ec818431925c29eaf0d3fa0c55d7b4 100.0
2749522 1516346555302 1516349304824 56dbc7e581ec818431925c29eaf0d3fa0c55d7b4 100.0
2706814 1516346556017 1516349262831 59218e4ca0466dc23b82121ee4a707c886d28370 100.0
2830812 1516346556333 1516349387145 3e00774a5d1057e6d750f02219ddae3fee83149e 100.0
3552536 1516346557750 1516350110286 bf01e8c5328d0e3a14d7f28f4d07cf0778168916 100.0
2751018 1516346558360 1516349309378 931d177c0d465d45960cd5b707598a16e164f478 100.0
2937391 1516346561624 1516349499015 b6c32ef41d18112220eea7848784d2a346cd6eb1 100.0
2707173 1516346561941 1516349269114 502190b0570e863b2a7eee92066f0db2b34f860f 100.0
2702335 1516346562394 1516349264729 58c46ea2e0d1e356e36ed8dc05ad431cb821fa50 100.0
2711269 1516346562757 1516349274026 c42734ed7099a89df0c6d2f9408de37858a1f7fe 100.0
2705125 1516346566160 1516349271285 ec62bae41299cc14f9ec32f650e6bcd7993a4fce 100.0
2710014 1516346566344 1516349276358 e17d0ae22a4467418681e3e22b5cc721ce8690ac 100.0
3599049 1516346586147 1516350185196 0f323b4f26d92d9d240e2b613a1a7fdad141426a 100.0
2905843 1516346589508 1516349495351 1c361a03210383ee7d59ac873b35b1d025b3426a 100.0
2905827 1516346589524 1516349495351 1c361a03210383ee7d59ac873b35b1d025b3426a 100.0
2719685 1516346590632 1516349310317 d79b370249e565eca50e72552c5a2366827cb458 100.0
2767546 1516346591501 1516349359047 8a6eb8d8b1b22fc589120fdc6b151995530064cb 100.0
2721847 1516346591778 1516349313625 fb9ffdeba9e90b44c1a22ea755c72388975c55e7 100.0
2735254 1516346592172 1516349327426 ce863598745682d910d9657e4acb0371cce7ddd4 100.0
2723816 1516346593539 1516349317355 56a07d6dfad4043f4905c27bc29c199b25b8e4af 100.0
2723808 1516346593547 1516349317355 56a07d6dfad4043f4905c27bc29c199b25b8e4af 100.0
2710556 1516346594913 1516349305469 677a7cfe800cbc60286e85676f03a8721ca30ebc 100.0
3501642 1516346594963 1516350096605 a679f9fde9f91f6a8fdcaf3b2bc8deca5bf30d58 100.0
2725575 1516346595414 1516349320989 053976573a16a0a32d44d29bd0c394cb3e228fd4 100.0
2718269 1516346598267 1516349316536 798a0acd5a8f238117c38f0f9b0244ea649d74c3 100.0
2803743 1516346599428 1516349403171 12e204ad9c0d08bd800193c8f27d687fe13e4081 100.0
2769854 1516346600256 1516349370110 22a580d0087276efe6059b30b51202c91f3c0ef0 100.0
2793883 1516346602035 1516349395918 981f54b7caed1593f6debd2e61c041d70b6d0e69 100.0
2786450 1516346602497 1516349388947 96423137d9eb008df9c47db152248378597ca62e 100.0
2785019 1516346602724 1516349387743 cf9151936ed1c47ead6ffa9335b431ef1557322e 100.0
2702330 1516346602839 1516349305169 2fc7deff9e2d991bb1d217ca13e3ff7ddd246043 100.0
3079230 1516346604412 1516349683642 f1b083493798701de87d88ab89aaba7ca651d0c6 100.0
2722290 1516346606836 1516349329126 f2033d44ad6087b373ab49d8fe8554b92ff4bfaa 100.0
2740054 1516346607746 1516349347800 82e3bf09994afe678ed1a3ea7baacb28b425d72b 100.0
