2716689 1516344512431 1516347229120 d932ae5d9e448bb4b46d8d0992648e4aa02a648e 100.0
2864519 1516344512700 1516347377219 ed40b2fd2e600599cebba78356a4cd33e8eeed2c 100.0
2760376 1516344512748 1516347273124 acc9b376094cb9b6f6442950ce7d524068fb0168 100.0
2747821 1516344513200 1516347261021 80426f046e72969cbe357c14004a9a6d27420ab3 100.0
3040060 1516344513596 1516347553656 1747ad29dc577ed9570748a50a941a1c90dfe6e0 100.0
2714763 1516344514408 1516347229171 56c518cefa5802ef37ac8d899cc7159982a91e83 100.0
3522404 1516344514453 1516348036857 9cd4ce6501e9a54a4da9dbd0e1bf7a418281e3a1 100.0
3228740 1516344514582 1516347743322 b34315b730efa8e9194ed223ad306d2b6aa0f968 100.0
2702051 1516344516498 1516347218549 e8e7857f5eaa4139feb9cbe384f9fe05ff8b6719 100.0
2701710 1516344516839 1516347218549 e8e7857f5eaa4139feb9cbe384f9fe05ff8b6719 100.0
3030009 1516344516950 1516347546959 5b55a34118f98562c5c53caa6db699e0366be12f 100.0
2912988 1516344517118 1516347430106 c2e14d7385ab03e195ef2ab807de381c24fce905 100.0
2702601 1516344517532 1516347220133 82408cd9bbed6a58d9dda53e4815d55ba41abddb 100.0
2835052 1516344517766 1516347352818 a2ebe1f96acb4458d40e8426703069461e5d5250 100.0
2702362 1516344517771 1516347220133 82408cd9bbed6a58d9dda53e4815d55ba41abddb 100.0
2754509 1516344519155 1516347273664 97f878c4974c6c112f71d05eba4c00368d75d3ed 100.0
2729672 1516344522942 1516347252614 511d373d9e1d2322ea4c777695d09e40185563d3 100.0
2799584 1516344523535 1516347323119 3ee899a192ece1a78fe69987354d87d707256457 100.0
2731822 1516344524832 1516347256654 9bc35651d7fe7c594c09a0f05d29896a32ea1a3d 100.0
2731281 1516344525373 1516347256654 9bc35651d7fe7c594c09a0f05d29896a32ea1a3d 100.0
2721630 1516344527205 1516347248835 14a89afa823470783c4c0aba78349c1983c3f6f2 100.0
3411958 1516344528278 1516347940236 5949b965a77bc3c9d300e2a7db48af723a616b86 100.0
2714849 1516344529797 1516347244646 23c4a9a648968affba62ebcf093adb6fdaf8e363 100.0
2983420 1516344531206 1516347514626 e410bd55c95850f1ed69a19f25072318450e6e63 100.0
3584420 1516344557485 1516348141905 abf37da2d94bc14bb8a023e9a4abbd0587a41720 100.0
2896359 1516344558480 1516347454839 c9dbaa7a73e4b4e38e65dae89de300a33c8162b6 100.0
2724098 1516344558932 1516347283030 e7df8022d3ca7779cee184382fba65ff22cd6eb9 100.0
3589476 1516344561351 1516348150827 c8b40978213a5ef8985f521b1ddf3237cb269a65 100.0
3589475 1516344561352 1516348150827 c8b40978213a5ef8985f521b1ddf3237cb269a65 100.0
3286847 1516344564942 1516347851789 b7b3bb8ab96a3a8213798a89bc05dcf4640179ca 100.0
2789143 1516344566101 1516347355244 5d13c77c06141fdb700f22b5894542e5d8356ff8 100.0
3456230 1516344570387 1516348026617 7eb2eef8c60491859169d2d02deee0e7b53612d5 100.0
3563922 1516344570479 1516348134401 2116ebb30e291fb8dba798ebf9dcac15e50b6ab5 100.0
2708452 1516344570991 1516347279443 82e9318cbfd3a87f70bdaccf7b569a767381e4f0 100.0
2708448 1516344570995 1516347279443 82e9318cbfd3a87f70bdaccf7b569a767381e4f0 100.0
2856178 1516344576673 1516347432851 09c9d813ba336bea0ae645046d6d7be8dbe3be76 100.0
2702992 1516344576681 1516347279673 bc06cf4cee8076ad5e75615fdecd432da0537239 100.0
2702991 1516344576682 1516347279673 bc06cf4cee8076ad5e75615fdecd432da0537239 100.0
2702990 1516344576683 1516347279673 bc06cf4cee8076ad5e75615fdecd432da0537239 100.0
3566529 1516344577851 1516348144380 6b4be46bff7f31fe643a50be12f767c3040a6999 100.0
2819549 1516344577853 1516347397402 65c756f80b3b426a19c5433522df38a0f384c7dc 100.0
2703251 1516344578123 1516347281374 e1ede5b5a0021e3cd0c7fb42845138bfac3e9d73 100.0
2703251 1516344578123 1516347281374 e1ede5b5a0021e3cd0c7fb42845138bfac3e9d73 100.0
2701670 1516344579705 1516347281375 ea95742a02c3819537e4efd619dd3730af33f402 100.0
3455702 1516344582465 1516348038167 c713e6101ee672ffb061d01fcb36f08ad15095b6 100.0
3556638 1516344582554 1516348139192 81d89d8eadad9254e87a33261240676fbcb39e0d 100.0
2864974 1516344583588 1516347448562 aa70ff0be6718e854a3cf5026e374c1650a770e6 100.0
2864974 1516344583588 1516347448562 aa70ff0be6718e854a3cf5026e374c1650a770e6 100.0
2712997 1516344584678 1516347297675 a98b71ba0087644d7606f2b34c1e804679eab16d 100.0
2726754 1516344585704 1516347312458 cff7ec3cf14abea0894bf998ef68301abe26fac7 100.0
2770358 1516344585744 1516347356102 42455fca39918d39791458f2f6c6f1b9ca1fef13 100.0
2700807 1516344586302 1516347287109 4ba6bb9ef5d49e57a59c4b37b3a548620d0459b0 100.0
2759953 1516344586397 1516347346350 d293a58b5fbcdfc2a7ccc4c2641e7f33b8e61391 100.0
2701752 1516344587109 1516347288861 99d60d71ed9fa991a2a8abcf5d4f5496aba297be 100.0
2701752 1516344587109 1516347288861 99d60d71ed9fa991a2a8abcf5d4f5496aba297be 100.0
2701752 1516344587109 1516347288861 99d60d71ed9fa991a2a8abcf5d4f5496aba297be 100.0
2864316 1516344588050 1516347452366 92cc0c62b50ca7ed4fa39d3787ee0647b6c0ab7b 100.0
2702417 1516344589600 1516347292017 e7fe88ec9c6bd0b9908c65c8f4046985d9afe375 100.0
2702416 1516344589601 1516347292017 e7fe88ec9c6bd0b9908c65c8f4046985d9afe375 100.0
2860828 1516344590928 1516347451756 2df7a745918a5a40401ba1d6f8cc7a7d73e7d873 100.0
2746692 1516344591640 1516347338332 b91035e82882dd77446866c1404fc89088e288fc 100.0
2846854 1516344592579 1516347439433 567ae5fa21d5c91fe0015e75ebd21ea7a79c759b 100.0
3066237 1516344593114 1516347659351 cc81638a194a8dc625382d59983402ec6fd512a1 100.0
2729493 1516344594088 1516347323581 91e4e942b8b59ba91732d39a8a729af1522bdbc0 100.0
3525498 1516344594963 1516348120461 e072f07647e37b35eb115ada977eba0b25ae1d93 100.0
2717513 1516344595546 1516347313059 432ded8d007e1c7edec2282e1fbe452b7314213b 100.0
2717511 1516344595548 1516347313059 432ded8d007e1c7edec2282e1fbe452b7314213b 100.0
2735134 1516344596388 1516347331522 ed907434108bd4e0e4be7694817109987867eef6 100.0
3441578 1516344596612 1516348038190 6ec07beaaa010b7b227dff5dbc75fc301f286ffb 100.0
2726990 1516344596976 1516347323966 3e403ce11d9616b310e28fae971c1fe035147e77 100.0
3544292 1516344597600 1516348141892 1775cfe25cf4012528d1f9571f025010f7434d64 100.0
2729332 1516344598370 1516347327702 e65567a3a6b555db1f82d58600283cfedd5909bf 100.0
2770209 1516344598608 1516347368817 f44baf856b4216bfb1c6315c52805ed677290ea8 100.0
2721856 1516344598870 1516347320726 2950369fea7160a1c0492653701da15ecc80c382 100.0
2867066 1516344599293 1516347466359 e1e2b163fd4f267c46ac87dcbd9eff0a11c660c7 100.0
2947215 1516344599682 1516347546897 17f16f5c7c572852a144130705e2f09b36f8753a 100.0
3542013 1516344599903 1516348141916 ff5dfea593d578c9414a2feb19a0093d644774fc 100.0
2711303 1516344599952 1516347311255 9043aba25ff87715c1c2092fc511834e83741029 100.0
2711268 1516344599987 1516347311255 9043aba25ff87715c1c2092fc511834e83741029 100.0
2775387 1516344599990 1516347375377 bcf75ee0368bf7ae9c070471531c8af6dec9f509 100.0
2770191 1516344601660 1516347371851 5ff27edd41586e40467e27945a87c0fff60c1684 100.0
2716568 1516344603320 1516347319888 1b8d8c88af59c1ce27babdd5c8fc1f3c21888b28 100.0
3530836 1516344603593 1516348134429 af4ca391622b34b531a869a8472f202d3ab002ff 100.0
2742727 1516344604963 1516347347690 6e2444dd91ec1d6049d7745b49fe8bdf7727c467 100.0
3053411 1516344606703 1516347660114 94c0dca62419d566c2b57cca99ee7ed368e59ed7 100.0
2774430 1516344610011 1516347384441 613e2e3b49d99d5c8a2a36415ecbcb3a02b86540 100.0
2708846 1516344629760 1516347338606 d89874da39593921dda83f5ae29389443babd8a6 100.0
2708846 1516344629760 1516347338606 d89874da39593921dda83f5ae29389443babd8a6 100.0
3598856 1516344629809 1516348228665 2d253a3606606d81a0ba8d2de94e46aa96bc47f7 100.0
2720039 1516344635161 1516347355200 6ff613e947c2f1793fedd411a1f5323f51322bf6 100.0
2812745 1516344635869 1516347448614 73e10ed8384166e60de255b5e786fa4d6ae0d11d 100.0
2705022 1516344635869 1516347340891 19dab01435613db54a812c50ffa486be7ccd7a3c 100.0
2709476 1516344638755 1516347348231 8d35933498cc7b94a499464df40c7efb3ed02f28 100.0
3599037 1516344638897 1516348237934 99db21af53f9ae41e9fa19d4cb2a10c6f27cabce 100.0
2737276 1516344639002 1516347376278 845f1345010e0c38cda20c5e008c4b608a9594b1 100.0
2817858 1516344639673 1516347457531 b313b7c6f8303ac102123b16e0c3e9091a2061bb 100.0
2713052 1516344639737 1516347352789 7ee5e9bfe0837b6b9b2bfcd17542c7df65021ef8 100.0
2711892 1516344644363 1516347356255 7d37c9f481a3f6f781246c2d295916d584a2c1e8 100.0
2711890 1516344644365 1516347356255 7d37c9f481a3f6f781246c2d295916d584a2c1e8 100.0
2801948 1516344646138 1516347448086 ac5b0504c0dbd04fda8401bf86bebec2dc13776f 100.0
2704070 1516344646826 1516347350896 75df4a4c7869eb9c4db6ddc7ede121620b647c38 100.0
2756235 1516344648445 1516347404680 1ff9f705b5a4c313de79ef68165b219ea3f9b9cd 100.0
2721916 1516344648649 1516347370565 875e4dc65bfbe7ea610a9f1202aae8272dea3f91 100.0
2705909 1516344648970 1516347354879 53d38b6af05d7a75f63cf503ffbc86cd414fe5e5 100.0
2724384 1516344650053 1516347374437 e1612ee59da4c13e66efd0148395cdea684f7747 100.0
2703572 1516344650455 1516347354027 6d36ff68e44163422836613fc593a6f441088749 100.0
2703572 1516344650455 1516347354027 6d36ff68e44163422836613fc593a6f441088749 100.0
2810690 1516344650635 1516347461325 42c1a287463b2232a173978793177a9ff7ae81ca 100.0
2703089 1516344650771 1516347353860 bc3a11acc9403b729fed0a6577287eaeadf965c3 100.0
2703086 1516344650774 1516347353860 bc3a11acc9403b729fed0a6577287eaeadf965c3 100.0
3385918 1516344652249 1516348038167 0bdf2d9d46c03c1f87d3d40e074e1a80cfe7ffed 100.0
3385913 1516344652254 1516348038167 0bdf2d9d46c03c1f87d3d40e074e1a80cfe7ffed 100.0
2784410 1516344653336 1516347437746 5878b0953c66036be93997988e3538c7ffc70827 100.0
2705294 1516344653827 1516347359121 97c9f8500e134b6a68e76a8b608257492efd8189 100.0
2705293 1516344653828 1516347359121 97c9f8500e134b6a68e76a8b608257492efd8189 100.0
2796352 1516344655439 1516347451791 41c8feef24d319e00691e4b6b903064731329360 100.0
2751139 1516344655965 1516347407104 4f9b9a11476db5c4e341530ab00c138fb87d09a8 100.0
2782048 1516344657081 1516347439129 e0eaf21fe2f4d1465dcc23ac382f7df452c30315 100.0
3107176 1516344657103 1516347764279 5995752d0f6b5cd9af8671bb468d36ca2fe6725a 100.0
3107175 1516344657104 1516347764279 5995752d0f6b5cd9af8671bb468d36ca2fe6725a 100.0
2724288 1516344657338 1516347381626 f7a562a36d330b598d6246f866f15bc7333e4fc0 100.0
3570203 1516344657967 1516348228170 43bacba90192f5ec969d2996908a85dc1bba50f1 100.0
2704674 1516344661930 1516347366604 f0b10f224d74dfb8910f2da938a390ff3553d3e6 100.0
3476891 1516344662293 1516348139184 93fe31d35ae1fe69840ef3d19a5db2e5fb9f935f 100.0
3476891 1516344662293 1516348139184 93fe31d35ae1fe69840ef3d19a5db2e5fb9f935f 100.0
2796864 1516344664352 1516347461216 b846896a544c1f3fb47a4868251e20fa0e70f1bc 100.0
2793258 1516344664380 1516347457638 e3d495cdef6253022e536b55c8232490d5ddeb76 100.0
2703561 1516344664645 1516347368206 32c4cc36497d1cf3e8f741f468507da031a1d15d 100.0
2717506 1516344665763 1516347383269 fc745a5b7f9c9ca7622c7121e227185842cd8215 100.0
2717498 1516344665771 1516347383269 fc745a5b7f9c9ca7622c7121e227185842cd8215 100.0
2717497 1516344665772 1516347383269 fc745a5b7f9c9ca7622c7121e227185842cd8215 100.0
2717188 1516344666111 1516347383299 b8532549fdf885d09a6c7022de57058d577c0c9e 100.0
3597271 1516344666112 1516348263383 484165be9163a743040783977e9d63e4d30f1801 100.0
3472000 1516344667159 1516348139159 f7c82cf800255b1697a33ac93cfb5468f31c2478 100.0
3561175 1516344667475 1516348228650 e05540355e846d38dd71a50eeb226aff573cf6bd 100.0
2768477 1516344667875 1516347436352 8e26ae3867aacb4627b06210fee26d56f8732903 100.0
2768473 1516344667879 1516347436352 8e26ae3867aacb4627b06210fee26d56f8732903 100.0
2732134 1516344668095 1516347400229 c72078bc11e864fb32f229acab91aed6a9f9cf03 100.0
2729087 1516344669156 1516347398243 f14f9e0659e5137d120707a43a103ac6dcab7581 100.0
3475077 1516344669362 1516348144439 8ab1e12cd69d70d10be9e3e80ea9441bdadd95ea 100.0
2716463 1516344669478 1516347385941 0ae77173697db904111c6f6d0382b45ad6830e91 100.0
3548874 1516344669716 1516348218590 91d4f190af57e39f23d53e209bdf6f243c22889d 100.0
3548871 1516344669719 1516348218590 91d4f190af57e39f23d53e209bdf6f243c22889d 100.0
2763104 1516344671834 1516347434938 390a6663506f0811a441238748a7d46890a7954e 100.0
3270814 1516344672591 1516347943405 7e5b77358bdddf6445a07abbe8f2489acfb4361a 100.0
2702635 1516344672855 1516347375490 4d99cb4087fbaef265ddc372aefc8bdd9cfa0954 100.0
2702634 1516344672856 1516347375490 4d99cb4087fbaef265ddc372aefc8bdd9cfa0954 100.0
2704483 1516344672955 1516347377438 85db380940c92f480cda35d65ebd8476b2b5bbbe 100.0
2715612 1516344673293 1516347388905 24e82493809df1e75eacfd41c3595815e150a708 100.0
2706669 1516344674856 1516347381525 a15bee25d7b6e0e91316853bbbc7cabcfeaa622d 100.0
2706664 1516344674861 1516347381525 a15bee25d7b6e0e91316853bbbc7cabcfeaa622d 100.0
2764880 1516344675058 1516347439938 c4524c20d6a244fc983c5e4f07d801d8d6340ebd 100.0
2706737 1516344675350 1516347382087 21edac94b8152122085456ee5d84bd2302c35374 100.0
2747392 1516344675836 1516347423228 fbc66436939334083255e85d3177a1d3919a73b0 100.0
2766734 1516344676533 1516347443267 4b9bad9d411425f7198fde4a21679a9c86548120 100.0
2718750 1516344677045 1516347395795 108dcf188434b45fbf4af9c552fc00ac086be099 100.0
2775956 1516344677772 1516347453728 75f0b0d2e001e758ce0088c2fbbcf0fbc1c315ca 100.0
2982323 1516344677818 1516347660141 50d9443b48b09007f875f48572100eabc91f9192 100.0
2720377 1516344677868 1516347398245 277d3ec718eab9b54e8223c23dd99ff51780935f 100.0
2702834 1516344678399 1516347381233 3fa8b4aa832e3222c1683d4900028fb5407bbfff 100.0
2709896 1516344678430 1516347388326 354292de1933d563c2ed8c6d88eb4418c15a4938 100.0
2724669 1516344678921 1516347403590 df8f924c690f574084e0ad2f6d6f731cd5d4b883 100.0
2706015 1516344679149 1516347385164 dbd7771bdc3e608438fc800d66d2cde15d32ef61 100.0
2771556 1516344680081 1516347451637 ac978c9e0d92653db236ade370bcdaceff4470bd 100.0
2759003 1516344681355 1516347440358 25f3f579103ec403823ee2da53fb6c8e3e0e4bef 100.0
3541974 1516344682786 1516348224760 8e0430e6f9f674923cb0568e8ceec730505ada4d 100.0
2704933 1516344682815 1516347387748 170ecae658a0f8f804fac5cdf5d27422f76388db 100.0
2870798 1516344683677 1516347554475 928bb2e4a3d7f3394b481876f2c48ff27c4619cf 100.0
3598586 1516344702681 1516348301267 907f5450faf20299e6f2498ebe85f87e56493a19 100.0
3598569 1516344702700 1516348301269 ef25f77efcd673ff462a82149d281cdfe345abc5 100.0
3598495 1516344702701 1516348301196 abf0e6dbb02a8942454675d610afc5a300545f68 100.0
3597536 1516344703632 1516348301168 c2ff4ab30226976a691448d5d767904d62bdf4b9 100.0
2805408 1516344703963 1516347509371 010b6e26e43c587f5ae13fffafd8297e1c7c0ec1 100.0
2756789 1516344704277 1516347461066 f27980dbeb9d8c19bbb11050730cef2729fa5355 100.0
2756789 1516344704277 1516347461066 f27980dbeb9d8c19bbb11050730cef2729fa5355 100.0
2700643 1516344704594 1516347405237 da52380d1faf6d2c4a7adc37b7479c5a7d5aa72c 100.0
3220272 1516344704860 1516347925132 f1b3615af262cc180142d0c3cf140d5dd22d0eb3 100.0
2746277 1516344705163 1516347451440 566887b61070dc03957a2df5a69a2ac60142b0e8 100.0
3595680 1516344705559 1516348301239 738581266ea2d2c19302596d63e32fe1c7347993 100.0
3389196 1516344706287 1516348095483 0429e2ef53ff7b3bc67e4b2b6ca3fc0af895fd3a 100.0
2740366 1516344708203 1516347448569 9865129c9441fac1d5b52bdec75218a632545486 100.0
2704868 1516344708470 1516347413338 aae0bad95e0e27441fa136d5767ca5788d07d90d 100.0
3592404 1516344708757 1516348301161 70d80a2c7bae9f2049c89f4717bcfe3264ad7e6d 100.0
2749954 1516344709208 1516347459162 0875124477f3d6819d4a083698cf94d6ff09d256 100.0
2749952 1516344709210 1516347459162 0875124477f3d6819d4a083698cf94d6ff09d256 100.0
2763900 1516344711932 1516347475832 028ab702f7d1f7e059893914354e4dc648959445 100.0
3585870 1516344712148 1516348298018 928bb2e4a3d7f3394b481876f2c48ff27c4619cf 100.0
2739159 1516344712240 1516347451399 9ee6b099c6809d5eda4c0ee8371fb6696c72c2e5 100.0
2747902 1516344712684 1516347460586 3349d4c884e6ffbec4da13e30aedb10d0b040d25 100.0
2743643 1516344712942 1516347456585 9b3fc4deb2db14d13e79fe3a5f2c71dda1d5b2ec 100.0
2725346 1516344714483 1516347439829 89545f478a38da620b3475317ff16c9898cf4466 100.0
2845544 1516344714688 1516347560232 ac0788b169fba4e63f9d119b71626237e659a355 100.0
2848447 1516344715530 1516347563977 708ea087bb80da350b36041ca8a071af272bb4f3 100.0
3585689 1516344715555 1516348301244 f0a2677e71deb1da61731183d9c36737da99f236 100.0
2947573 1516344715616 1516347663189 f968e4db23744c672d6c317b2a8f6bda23f3d5ea 100.0
2714285 1516344716890 1516347431175 773e2a219a22d67bc01c9810812b1aa413ab4401 100.0
2756709 1516344721051 1516347477760 8dbe94bd5dc3370df83d46bc68a8fda908e99815 100.0
2726455 1516344722043 1516347448498 7feef1100ae7680454be6593fa1ff8d07330a1ea 100.0
2824023 1516344722636 1516347546659 03761160ed2ede78df5397dac2f8c65fb2c63fa6 100.0
3578397 1516344722781 1516348301178 b5b81c71982c5408d18a1acdf81e68a96561730f 100.0
3511426 1516344722821 1516348234247 7c0f025cf5a74a1d7aea9c2a3e153acca6f7cdce 100.0
2730686 1516344723026 1516347453712 c9b28a8908b486dc91d5eb556a891476896b5367 100.0
2729306 1516344723807 1516347453113 713b2913598e985c0318d9688aa294d6b71353da 100.0
2794782 1516344724076 1516347518858 e11b16f0575699ad39cc1dff8c6bb30ab2711c78 100.0
2718823 1516344724192 1516347443015 8a1c6b44809d979854ed34b92ff9a7c2bfc7c7e5 100.0
2826964 1516344724367 1516347551331 b9f28829f5aa99b78820def14bf7fe86ec893ab6 100.0
2717872 1516344725360 1516347443232 4bc5d58dc390bdafcc984cef94b555508befd5f0 100.0
2717871 1516344725361 1516347443232 4bc5d58dc390bdafcc984cef94b555508befd5f0 100.0
2779073 1516344726601 1516347505674 16c1c4cec55caeefdbe6271ae760702e0d3955f2 100.0
2715873 1516344727388 1516347443261 bc19978c48b521d820c9689e0df1c757bc64b8ed 100.0
3573088 1516344728126 1516348301214 3f18ed93438fdb3c7692f4ab128cf57ce64eee89 100.0
2881265 1516344728241 1516347609506 2115b50c6d96387b13ec2d20d2a669a7dfce0616 100.0
2716590 1516344729898 1516347446488 740b9f8abda9f6877fef6d938aff9941c34981c6 100.0
2716589 1516344729899 1516347446488 740b9f8abda9f6877fef6d938aff9941c34981c6 100.0
2719000 1516344730133 1516347449133 9b426fd8eda0b2c7072c1af4e7cbae5d923a1597 100.0
2701551 1516344730675 1516347432226 2eb5476ed1e72947f41c1a98a211420902b6e879 100.0
2712358 1516344730787 1516347443145 15b7f3a60b5fa092cc7454af15c60a7d0a4c03e8 100.0
2712357 1516344730788 1516347443145 15b7f3a60b5fa092cc7454af15c60a7d0a4c03e8 100.0
2720540 1516344731768 1516347452308 d1e39b8636f42e7b54e80c654f84f6b218e9b855 100.0
2716347 1516344731825 1516347448172 b567f74aab2e46cfb3300bfa3e4b0707dae33af9 100.0
2738409 1516344732366 1516347470775 7c384bac229a1132fb61f65134203951d32ff169 100.0
2733776 1516344733670 1516347467446 53e9b661ecce4108c9a283959ce96bc1dfcc1fc1 100.0
2733775 1516344733671 1516347467446 53e9b661ecce4108c9a283959ce96bc1dfcc1fc1 100.0
2742751 1516344734639 1516347477390 214d03f3499ffd471cf89ed732b0a85b64511379 100.0
2712739 1516344734698 1516347447437 b6ffc9f9923540be9c89d266b0659da0beafd3ed 100.0
2819413 1516344738189 1516347557602 56a07d6dfad4043f4905c27bc29c199b25b8e4af 100.0
2882264 1516344738863 1516347621127 e815cd7f4737405c2d013e3d87806be88e150999 100.0
2700092 1516344738920 1516347439012 a17221658d99b03c070ecbce4116faedb924f0e8 100.0
3576331 1516344741849 1516348318180 a818be468ddc1d98effa99b2649398c14ee717f5 100.0
2729297 1516344741967 1516347471264 de3c806f4ecb1f02574276944b539bd3b773250f 100.0
2967672 1516344742978 1516347710650 4bd0c515342142c37f4ef2a2962c51d400fce535 100.0
2770899 1516344743767 1516347514666 f869c28a61b42b3b26043f48fb61639cb1accc67 100.0
3010369 1516344744176 1516347754545 d8b8a45f17c81e3711ed1b0913e28cf338d415ca 100.0
2712863 1516344744555 1516347457418 00d32ab1c413b113630888a165cfac1c8c6c7fdf 100.0
2705351 1516344745631 1516347450982 630fa5f29223f8b0d7f1ae8f5e6bed72e5f350f9 100.0
2701124 1516344746199 1516347447323 a2256bd2ff0e1951c4f09a94f19de844c8908989 100.0
2705399 1516344747528 1516347452927 43f0e0c5c0d20b70a3f0791aa29588df412e6a3d 100.0
2703799 1516344747741 1516347451540 da8ca9493b7a043ccfbbde8b2bbd36208d98968c 100.0
2703796 1516344747744 1516347451540 da8ca9493b7a043ccfbbde8b2bbd36208d98968c 100.0
2702809 1516344748707 1516347451516 ccc38683b3438171e843d9bd5055ce874d5af0f6 100.0
2702808 1516344748708 1516347451516 ccc38683b3438171e843d9bd5055ce874d5af0f6 100.0
3295920 1516344749442 1516348045362 f9f18682723b0bfe46265610fc9b59ea27eec9de 100.0
2700761 1516344750013 1516347450774 2cdfd174c011dc63d38f68a15077a3b2e116f1a7 100.0
2714535 1516344753483 1516347468018 1e7f174773345dc4ca16fce484032091e56836db 100.0
2703582 1516344753666 1516347457248 b39934ec0f8c24fec198881ada12faea31fde4e5 100.0
2700291 1516344754355 1516347454646 f1cf13aab23898f86869e314fe69305cdf8ede7f 100.0
2700290 1516344754356 1516347454646 f1cf13aab23898f86869e314fe69305cdf8ede7f 100.0
2704212 1516344773406 1516347477618 83032081ae7d1b5d885776d15066d77406a3389c 100.0
3370987 1516344774379 1516348145366 516a24d90805c3166aa910b88e33ed06e47a304f 100.0
2714750 1516344775269 1516347490019 1ed1789af2685c4e620cc48bb21feb73ad4786d7 100.0
2743920 1516344775406 1516347519326 9890b374ff7e3c4d1a6c45e62a1f39987f720c4c 100.0
3541557 1516344775458 1516348317015 519a5fe211f131bb66e0d565b9e82a489f1892b0 100.0
2712741 1516344776458 1516347489199 65146850254a4331f76ec6f4e835f1c0a2caeae9 100.0
3076513 1516344778119 1516347854632 6005008dd83405ffc0f62e2dd015dfa469f1f451 100.0
2719744 1516344778329 1516347498073 e56d4a1adfae6a72417585c48f3ec39b6c98171e 100.0
2717169 1516344778850 1516347496019 0063505a6053ed9f0872339dec61fe4b7a2a1eb3 100.0
2708167 1516344778933 1516347487100 605d37b8f1ebae705427cd20b3868edee8e99d7d 100.0
3260738 1516344780325 1516348041063 04b4cc818443831fffe734799752d4b1dd0f80c7 100.0
3162075 1516344781729 1516347943804 0a8de711aa2cfc738c0c402b558a4eda7c930ca1 100.0
2707184 1516344783503 1516347490687 af7380e57e8a51c5919956a668fe8586a701568b 100.0
2707184 1516344783503 1516347490687 af7380e57e8a51c5919956a668fe8586a701568b 100.0
3398152 1516344784488 1516348182640 cbcf82c0faae6236587410d6a8b66667a09f481e 100.0
3235265 1516344785445 1516348020710 19bd5bf2a3514477716dda775f3082fe02486cb8 100.0
2731918 1516344786201 1516347518119 c70077bc2a2a3bafcdcbe5540caa9bc1ab88df6f 100.0
3598994 1516344786268 1516348385262 b99eb918e78155fc44f68decc1560151e4396947 100.0
2770065 1516344787583 1516347557648 ceaf4d930414c18547f382ab19d5720d3c782230 100.0
2730985 1516344787875 1516347518860 7cdcf1fa4591a7a4f3983a41dbddc66d47f6471b 100.0
3162922 1516344788183 1516347951105 659fb921d5e7f7c7afca064024c04920d2a4b40d 100.0
3162897 1516344788208 1516347951105 659fb921d5e7f7c7afca064024c04920d2a4b40d 100.0
2734493 1516344791356 1516347525849 a75240128138af7dfd38d7305a20001bf171144e 100.0
2717140 1516344792127 1516347509267 6f1480e773a51732bdb6748c228974c6cc54bc94 100.0
2737097 1516344792248 1516347529345 1388d0e378c2a666e375909c9e966f90fd95a0ec 100.0
2706569 1516344792604 1516347499173 18ba912ea2e386a69b50b3bff0149a6f24401a41 100.0
2705146 1516344792971 1516347498117 01b1e7642444a8b71417e7acec6b99ccfadd2220 100.0
2779150 1516344793174 1516347572324 3649984d2329182a1941dc89236c4e7f36addec6 100.0
2778842 1516344793482 1516347572324 3649984d2329182a1941dc89236c4e7f36addec6 100.0
2867662 1516344794257 1516347661919 3df4feda332688fcb98cfbfb630a0f56b0493fbe 100.0
2795774 1516344794460 1516347590234 f1d4780c315485327b629f516b46aa6ea0cbedbc 100.0
2872580 1516344795076 1516347667656 ae200a70312d91c628f3906402c6174d9c9e154d 100.0
2712193 1516344795083 1516347507276 6de40c5289743b69a649def1b029b7e92aa031dd 100.0
2750426 1516344795184 1516347545610 543ad2f58cb6269f76dab7cc9e72b5a66583c55b 100.0
2752334 1516344798272 1516347550606 d70a773bb6be9ac273f34d7d670a485fd6468655 100.0
2715710 1516344799445 1516347515155 b11c26ab865cc65c6150ac9181e0af19ef244280 100.0
2709583 1516344801899 1516347511482 072f1b16591365518a0f9a6ff99705a97fcf684d 100.0
3043575 1516344804303 1516347847878 95afb2ddd83ad8e0b19ab4e7b27c3b0c849324d1 100.0
2755920 1516344804345 1516347560265 5bc4fbad217ee58ce2c9c495e84bb89932987930 100.0
2755898 1516344804367 1516347560265 5bc4fbad217ee58ce2c9c495e84bb89932987930 100.0
2703237 1516344804585 1516347507822 23b722a50ccdad2b5110c9e146a5ad27d6ac402e 100.0
2725843 1516344806279 1516347532122 f18e61b46e03746584e3336c18d40848e3bc096f 100.0
3141269 1516344807050 1516347948319 458dd398d09227f4d1a2171be8ee9c253eeccd9f 100.0
2748634 1516344807851 1516347556485 14d5036365d0d19d4586ca9c03e3e3e8afd61dae 100.0
2704174 1516344807902 1516347512076 39630c88ba15b668261af478455cdce6f524667e 100.0
2704173 1516344807903 1516347512076 39630c88ba15b668261af478455cdce6f524667e 100.0
2715689 1516344808150 1516347523839 305434dfc11aa272b3351d77beab3564302951bc 100.0
2716042 1516344810683 1516347526725 db07d95d0f97c01c03cf758bf8684068f72b7a37 100.0
2845017 1516344811892 1516347656909 3ea4de3899023491da6fa5cd044cdb177de41677 100.0
2776796 1516344812602 1516347589398 d7b98c0410568c252ac504d80d44b84a7812e25f 100.0
2713773 1516344813073 1516347526846 0514389b1acabd5af62b6efc2defd02136f5fd18 100.0
3467008 1516344813393 1516348280401 22a75623e94c2f66b4f521b92b21c16af578024e 100.0
3467007 1516344813394 1516348280401 22a75623e94c2f66b4f521b92b21c16af578024e 100.0
3040968 1516344814848 1516347855816 a41deb8c1993d4e672a45ff021c0033c9f0316ae 100.0
2706150 1516344815358 1516347521508 5540cfc29289ebe2c5bbdbdef46ca2e4ab1e0e1f 100.0
2750130 1516344815909 1516347566039 065ef42a15c612f68fecfd351fe81794c7beb56c 100.0
2733948 1516344818655 1516347552603 84d68b618b9acb5718d81de4dc08672776cf60a5 100.0
2703477 1516344818900 1516347522377 38cba34a8ef59309866a787c50cb687edbe03193 100.0
2702052 1516344819520 1516347521572 19dc4b3a88fe7c273c54679fa3ab24086e816938 100.0
2717201 1516344820111 1516347537312 c012a42a38514017f3887bad50017cc55c566764 100.0
2709907 1516344821530 1516347531437 57f8148149ba41b6bc158cbe7c0029acb2330f12 100.0
2709907 1516344821530 1516347531437 57f8148149ba41b6bc158cbe7c0029acb2330f12 100.0
3120659 1516344824294 1516347944953 9221f597458ac3bfecaca1fa98524602b623ebe9 100.0
2723333 1516344824594 1516347547927 2026aadbd1f9f07a496f7cde8f7bf4bee1ae5b8c 100.0
2837322 1516344824616 1516347661938 8b3ce92f3b8e0ff7d1489b5984c37371d0e3e68b 100.0
2749384 1516344825267 1516347574651 789b99d19626c85c5cdff16874c3a154a145fc16 100.0
2712740 1516344850394 1516347563134 31ad652503450ad1149f969bc2e5f7bb65d3ed36 100.0
2712734 1516344850400 1516347563134 31ad652503450ad1149f969bc2e5f7bb65d3ed36 100.0
2819785 1516344850467 1516347670252 8ef2948f115bbdea0aab37d149ff94a00de6fb55 100.0
2731025 1516344852553 1516347583578 18a171a83b0cf2d7dfd30cccb7dee119af926412 100.0
2806252 1516344852905 1516347659157 b865b57fb84c92c2ff12a46512bd79352a3769c5 100.0
2806251 1516344852906 1516347659157 b865b57fb84c92c2ff12a46512bd79352a3769c5 100.0
2718930 1516344853005 1516347571935 73fda6fc7ff67dbd7cbe4a2031b2c36b65dbba43 100.0
3088398 1516344853104 1516347941502 e08fc83328ae265c31dd24145995c34da6f0f513 100.0
2711051 1516344853957 1516347565008 8340ff9cfca85aaaf34d60912f2255f3e2c022f0 100.0
2706338 1516344855423 1516347561761 330f3ce799ee5de2c42037f6b7b788ace7214dbb 100.0
2702420 1516344858584 1516347561004 7f0cb93a52587de53adc397abfa52c9fe884a1af 100.0
2702420 1516344858584 1516347561004 7f0cb93a52587de53adc397abfa52c9fe884a1af 100.0
2701154 1516344858860 1516347560014 451369abd5ebe4c3c9ee31612805d05a63051228 100.0
2701154 1516344858860 1516347560014 451369abd5ebe4c3c9ee31612805d05a63051228 100.0
2701153 1516344858861 1516347560014 451369abd5ebe4c3c9ee31612805d05a63051228 100.0
2808004 1516344858888 1516347666892 2e9d84fca07a379d070f1681c0971f0c32d6e664 100.0
3454176 1516344860310 1516348314486 d335132028bbebc20e716aa5f9d103b574b069b2 100.0
2738452 1516344864696 1516347603148 d3f80a166423fef245befbfc5a859c4f1fb30cb9 100.0
2703015 1516344864696 1516347567711 25ac1f24679238630ae98dc9743ae5ca61ca2bc4 100.0
2713788 1516344868187 1516347581975 e4e10dcb1d48ef79467ccb08811fb053fc945960 100.0
3162588 1516344868337 1516348030925 76ad66f872b1e7faee58c1f002965fafefd5e296 100.0
2771910 1516344868408 1516347640318 d96e88b0043bcb5d8df1aa02513cc2519b2405a9 100.0
2771788 1516344868530 1516347640318 d96e88b0043bcb5d8df1aa02513cc2519b2405a9 100.0
3365652 1516344868721 1516348234373 b7b3bb8ab96a3a8213798a89bc05dcf4640179ca 100.0
2807313 1516344868787 1516347676100 f90cb05be7ae490b7cbd7c3f0114773a951f4623 100.0
3320085 1516344869894 1516348189979 8fe67129cb984cefa955afeee314a25b77a3c2d5 100.0
2721744 1516344869985 1516347591729 8ef7372fbd02ce4c51fdc0175643d05933c1a0e9 100.0
2793205 1516344870001 1516347663206 e2f1eb35953b3af76f5f6ae4517802d2f19f23d4 100.0
2749904 1516344870705 1516347620609 288f6d21965d086f881bb76ccb004d6bdb001044 100.0
2718320 1516344871891 1516347590211 9b5a0e8e30d7eb0b97eb211ed227a2df20b2a937 100.0
2712675 1516344872596 1516347585271 192264bf87968d97060f9ec50a27fdde0a0747fd 100.0
2707196 1516344873883 1516347581079 45134962ff3481a3b1429429f92a35f091d81b82 100.0
2711054 1516344874217 1516347585271 192264bf87968d97060f9ec50a27fdde0a0747fd 100.0
2753351 1516344876125 1516347629476 a37186808b0c980543420bacdac730a43b938b3c 100.0
2706623 1516344878920 1516347585543 812b0189721f274e336167dbf782c82ad417abf9 100.0
2706711 1516344878832 1516347585543 812b0189721f274e336167dbf782c82ad417abf9 100.0
3044905 1516344879475 1516347924380 ce7fbdc75f84fa7592afca6e82eb04b535a397c2 100.0
3061516 1516344883279 1516347944795 678d7855aa105da9f0d071bf5ebf6563863a2453 100.0
2708878 1516344885253 1516347594131 f5186ec4bdb96fa5fd8d46d24ff21a334109ec58 100.0
3048613 1516344885437 1516347934050 a09aa930c16478636258025dfc00a861018fdcab 100.0
3415678 1516344885492 1516348301170 10fbd9f56408793cb4094066eb7a7d3fbfd38ab8 100.0
2953564 1516344907505 1516347861069 e9d42041771f40a6f4639654ceff19f0595cdb36 100.0
2753874 1516344907961 1516347661835 0974b6766c5b388bef9d97342401f6c007aaba87 100.0
2713241 1516344909105 1516347622346 aeb2456db0eedcf3fe0762ad74b1350c5a0a9247 100.0
2724712 1516344909462 1516347634174 43bab62634c6c93f8057b5c26853a24a1994cd7d 100.0
2826741 1516344910291 1516347737032 77560fe73c04e1ce8fbc7844519db2316ed7795d 100.0
2748506 1516344912299 1516347660805 1084a7399e6686aa7d1a1ec98fbd068c297e8a84 100.0
3482568 1516344917186 1516348399754 f05453f89858672d137603c4db5a0496fbb7bf70 100.0
3394187 1516344920874 1516348315061 696ee49b480e0cc4c6792d1d478cc3d733edd4c1 100.0
2827366 1516344920878 1516347748244 21108f47a4ecc0f9f015283629c9cbef5654bd76 100.0
2830672 1516344923901 1516347754573 43243d831aa56c4da10412a58703b73c48604569 100.0
2734218 1516344924346 1516347658564 8468156fc0bf9b57a356188641d0fcee0a17ecb0 100.0
2825291 1516344927004 1516347752295 fad5ba036d407b039105e84d6fe40a8bf99135e0 100.0
2726261 1516344929493 1516347655754 68071b6374ed14b1acd435101ab149c18ea967b2 100.0
2705767 1516344929921 1516347635688 7be0e843f233795bd8542cd8c945e93accb96c4c 100.0
2834853 1516344929942 1516347764795 c41f346abc17cb28a2d7828291ead7219452f1cd 100.0
3384305 1516344930560 1516348314865 ed02f547b2df1dc1cb28a0f1ebbe788d0a0d9e13 100.0
2721188 1516344934234 1516347655422 3329aa40b5289e16a82f07b5f939eb13a30b8e55 100.0
2724347 1516344935092 1516347659439 5b171ea312c2e2693bf93c24d3de5f464978267c 100.0
3548838 1516344937727 1516348486565 37e4ea198efcda6c4d68421f74a3846d63019808 100.0
2752687 1516344941553 1516347694240 1eebd6670f71d5de8372053ae155b493a569a168 100.0
2817021 1516344943015 1516347760036 2aff38fabe8fc015a08ec7e7ccc8b33c5edc713f 100.0
2817020 1516344943016 1516347760036 2aff38fabe8fc015a08ec7e7ccc8b33c5edc713f 100.0
2716447 1516344943735 1516347660182 af266965c4a01bc8331e2434dbf123bf39bbf56d 100.0
2722820 1516344944686 1516347667506 fa31af0e82cf7c102bee2d4ace93ea7db2b2fd27 100.0
2707470 1516344944778 1516347652248 830c0e6836234d57818e3e0ed9aabde1af15d3a3 100.0
2830421 1516344947161 1516347777582 8e153d24478b5bffc881fafa86b85f052ff5ef72 100.0
2994779 1516344948610 1516347943389 219a84922cd504602a2ddb3b146e1c893e5f9f6b 100.0
2706368 1516344949694 1516347656062 0c6f4c1d532344a13d058e5b71d81ca744011b43 100.0
2707545 1516344951304 1516347658849 4607bf03f07e0173d0cffd03834e5610d4b4a912 100.0
2707509 1516344951340 1516347658849 4607bf03f07e0173d0cffd03834e5610d4b4a912 100.0
2777888 1516344951399 1516347729287 a9754ce99a9c32a02a0a5ba33e35ba6111754e20 100.0
3189885 1516344952022 1516348141907 93d38b8daabc60c8ec360cf3029e28807ee4bd9f 100.0
2705883 1516344953548 1516347659431 5cd90aa159d43a2216fed30b6f19cbcc97030c37 100.0
2717906 1516344953566 1516347671472 f2a3a43d560b0f2be7509e248145e1768892bb9f 100.0
2977162 1516344954578 1516347931740 23cb29613b8c5d621cab1efcda71b8e383a59af8 100.0
3346433 1516344954770 1516348301203 ad64cf0ff4a4414f3dd7bf0437444168bd315324 100.0
2739935 1516344955482 1516347695417 57cca687e698e0ce9a099a150cabd40b8dc0764e 100.0
2723961 1516344959825 1516347683786 a060182759e75df287b113d062c53cb756e59926 100.0
2719269 1516344959983 1516347679252 8f34894b8361280aa07ec6a14c6c7389c49bd5be 100.0
3353495 1516344960935 1516348314430 e514bd39b2f4ae3be059288e7206deb0b8348ce8 100.0
3594880 1516344978717 1516348573597 6efd337e3ff6236c225c5edb54e3078e40df079d 100.0
3335782 1516344978792 1516348314574 d9e92827e5b45fdd1f9e89d38f47a7dc50fd5bf4 100.0
2729148 1516344986270 1516347715418 3a76d924e40d761089c7fe4e347a39b276433057 100.0
2729146 1516344986272 1516347715418 3a76d924e40d761089c7fe4e347a39b276433057 100.0
2748079 1516344987105 1516347735184 c7aacb4f766e30cf3dd4545aec0a8193fa010256 100.0
2770771 1516344990009 1516347760780 3d37f61a02ba5e760b6c2c0b288f54875494d336 100.0
2706746 1516344990399 1516347697145 dfc524590932c317c412fa3e49dd9d32b43dc696 100.0
2711183 1516344991422 1516347702605 4ac0c100f278092397a11287beee3612c23c6aeb 100.0
2712889 1516344993373 1516347706262 de172c27dcdb7e41ad4e74b37d7a63a7807c8111 100.0
2712889 1516344993373 1516347706262 de172c27dcdb7e41ad4e74b37d7a63a7807c8111 100.0
2765783 1516344993773 1516347759556 2b5620289ee313cbaad76d880b05216f3b81620b 100.0
2730091 1516344995034 1516347725125 f80c4abc0bc3d43e2f33d45d097f5ec7e0722de4 100.0
3045884 1516344995455 1516348041339 e568af3f68de150d97317c3b86b894507728ea04 100.0
2704338 1516344995584 1516347699922 aa47c7cd184b3788dfdfc9a20f96db5469323baa 100.0
2718267 1516344997603 1516347715870 2fff11ed9292953e0b7a2133466cf1eaa3f01bc0 100.0
2758481 1516345000944 1516347759425 35bd5e22799efed12003c888b7a144aabb575d85 100.0
2758480 1516345000945 1516347759425 35bd5e22799efed12003c888b7a144aabb575d85 100.0
2701979 1516345003326 1516347705305 84caf16fd8990e6fcd01ef0d40b178a4c71fbcd3 100.0
2710822 1516345004289 1516347715111 bdbf0388cbdb6c608ac48e6ab99fd8ce280519ef 100.0
3137047 1516345004941 1516348141988 5d6d4692d4a1fe5b3857a33f38fd3724e9505a4e 100.0
2712882 1516345006669 1516347719551 0bb606ae3de3484dc28fe88ebfcdbbb6d0a25f2c 100.0
2719816 1516345007017 1516347726833 e1fa287a9a27d1c144615f12331eb592a0301a59 100.0
3479299 1516345007125 1516348486424 6bcffa1093964b66fbf6fab583dcbd702b783308 100.0
2706876 1516345010625 1516347717501 e1c8a6741d98c64f94098bd63157e80bf4972839 100.0
2701012 1516345011936 1516347712948 330d235301b2d728e79aed2f9857c3ba31e19508 100.0
2701011 1516345011937 1516347712948 330d235301b2d728e79aed2f9857c3ba31e19508 100.0
2725042 1516345012797 1516347737839 9efdd157962af968fbaeaf1f813a53f9df9be6e9 100.0
2930687 1516345014157 1516347944844 713d421c34b10dab99678901f91abc8e19d3ca8b 100.0
2705771 1516345014459 1516347720230 2b80984cf94432b012fb06a74c0cdad5c0dfc851 100.0
2705770 1516345014460 1516347720230 2b80984cf94432b012fb06a74c0cdad5c0dfc851 100.0
2800311 1516345014506 1516347814817 8540b5c1a74036e0914198009e0d0ba670ee55a2 100.0
2716052 1516345014538 1516347730590 ae420c8ba9233112a91beea0e6601b40633660af 100.0
2710047 1516345015315 1516347725362 50cc2c24177da2793a1c1e219c25ca5115938c63 100.0
2705269 1516345016983 1516347722252 532cb92d3906fb88189acfc8df9922f0904b9060 100.0
2700114 1516345017439 1516347717553 6ed75e4e5a0331fc57dc31e92f9c32169c2d2410 100.0
2700111 1516345017442 1516347717553 6ed75e4e5a0331fc57dc31e92f9c32169c2d2410 100.0
2708370 1516345018321 1516347726691 21619c5f15357d2a045bbefed5a2b11eaf4314b7 100.0
2708367 1516345018324 1516347726691 21619c5f15357d2a045bbefed5a2b11eaf4314b7 100.0
2708366 1516345018325 1516347726691 21619c5f15357d2a045bbefed5a2b11eaf4314b7 100.0
2727185 1516345018337 1516347745522 d9a6f3892daecf22ec5a7f354de820b9b1d8703f 100.0
3532522 1516345018429 1516348550951 ba77d9547e1f8ca1ab052759e266f04df9d95c04 100.0
2924981 1516345020029 1516347945010 d46a02e75e786781a0e691461f3e2b0d5535caf8 100.0
2729549 1516345021247 1516347750796 6b2e0cadb03a2d7455fb1613b57bee8f9aee6d90 100.0
2707357 1516345023782 1516347731139 5ae2861deacd825a7c1e200400d03eafd19b4948 100.0
2776699 1516345025607 1516347802306 bd979b350f4979e5db3d77df8ca71c761ba9e2ea 100.0
2718156 1516345028238 1516347746394 2f801bc1eb25402c5fd330cc53eeefe1b48ef5eb 100.0
3010844 1516345029939 1516348040783 e54eb711285ccad880b6b65541fe05320cc148db 100.0
2762395 1516345032299 1516347794694 328f36a3847bea3b1e49033dfdb54ca9a35cb39d 100.0
2747310 1516345032314 1516347779624 4f9d9729993b6961aaa3255982162211b0eccc3c 100.0
2722366 1516345034552 1516347756918 7f76079ad4f0c91502145d961b5a7149207b176e 100.0
2704109 1516345035043 1516347739152 194c0b9d607c6991f58480f600fff7b689ec98ab 100.0
2830064 1516345035476 1516347865540 3f069b99fa17ac548af7211c28693309d23872ab 100.0
2700132 1516345037189 1516347737321 0aa33c5f8daf03ec0e5e6cad00ec5a7e5db01abf 100.0
2896186 1516345037740 1516347933926 2197b796eb7ba0ac3e5e7a450ed6c2d38c3f5cc5 100.0
2730510 1516345056205 1516347786715 668cc3b037b834a8295242db0ac9236bd2873e6f 100.0
2703981 1516345060358 1516347764339 9ba159b3aced4fc8c76dd3291d0a86f1c02aeabb 100.0
2703966 1516345060373 1516347764339 9ba159b3aced4fc8c76dd3291d0a86f1c02aeabb 100.0
2703039 1516345062613 1516347765652 fa6e66fb10a01004ee559088835391d53d56e2b1 100.0
3251312 1516345063674 1516348314986 184159056f4f3b196e419470f434e491d01a3bea 100.0
2703199 1516345066730 1516347769929 c714fc081d21878f6207d586e2af81ffa2372812 100.0
3594641 1516345068562 1516348663203 60671e5d185ffdaa9915d1290a5f0086492cddd2 100.0
3407352 1516345068747 1516348476099 e7f83c4215eb959540e48e920fe84e8fe4eaaed4 100.0
2743922 1516345068933 1516347812855 ef5b98536f3f0e2f35f97f14d23297acb968bd63 100.0
2743920 1516345068935 1516347812855 ef5b98536f3f0e2f35f97f14d23297acb968bd63 100.0
2707002 1516345069271 1516347776273 626d4e609f67bab71bb137fc4ab7e9ebdbfd4371 100.0
2820070 1516345069536 1516347889606 e6da6f9d23d9311109a5f80d88ba5454e0a7e668 100.0
2704707 1516345069614 1516347774321 2d2d5d350d4e6bf063ebf2a9b1bb65240a1d29d9 100.0
2704704 1516345069617 1516347774321 2d2d5d350d4e6bf063ebf2a9b1bb65240a1d29d9 100.0
2706653 1516345070118 1516347776771 64d4c63bf5a0864ad0c0bf4bbff0ad6eca18dc69 100.0
2720736 1516345070333 1516347791069 cf610d33fef3c9c3b1d7172d65d269ed0fa44990 100.0
2874498 1516345073294 1516347947792 abe64a6d2d88052d1189f47a3667fb7d7fe319c7 100.0
2988088 1516345074137 1516348062225 eb3594ccfc664e3b53086a84941f13118de238d0 100.0
2757800 1516345074501 1516347832301 46bae44abf8ec448f3d66180ea3286dc21ffa709 100.0
2707454 1516345075640 1516347783094 26099cf5db88989ad0e2e9998fd2147baad117a1 100.0
2969136 1516345075765 1516348044901 67438c998d1c2c6e11d2e4fd44c2619a471dade3 100.0
3486930 1516345075984 1516348562914 fab8d537b07af3cf33856bf2a9e88a31ce3a041d 100.0
2724020 1516345076890 1516347800910 d66b18e82afc9b0231eebfa81e6ba209bacc7c0c 100.0
3153732 1516345080331 1516348234063 8b635f7b5579e5ad7a10958b344a9ed03d359797 100.0
3487054 1516345080684 1516348567738 6f1339be7666784a3f779d3dc9d7985c84685480 100.0
2708369 1516345083089 1516347791458 1333f6ae46b03048addd1345bf3472c70ffbf096 100.0
2708361 1516345083097 1516347791458 1333f6ae46b03048addd1345bf3472c70ffbf096 100.0
2704607 1516345083876 1516347788483 cbd7191e027f651ee4875b27162cf902f446d567 100.0
2859560 1516345084603 1516347944163 17cd718d6c0e81d2afc26a0aebb2b165ceb84bb3 100.0
2936040 1516345084701 1516348020741 6f9407b5b263639efb5831e9f4ee251da4cbbdfc 100.0
2772283 1516345085789 1516347858072 75d82e02fb5dd8cb8a8a329e46f7bfb3f72dbc1e 100.0
2882073 1516345086647 1516347968720 9a7b98dbbb822e130c624d2096ca5d401a52ea8f 100.0
2852512 1516345088091 1516347940603 a8000a2bbe84622ab33bc76fc055b1e2e47ebe92 100.0
2930141 1516345088190 1516348018331 08ac68f345e75a921cdf249dfb0f189835eab530 100.0
3391797 1516345089499 1516348481296 2e55f87bf32abc84264b2dbef551ad9cc4a7e3f4 100.0
2954082 1516345089922 1516348044004 38341ac1fdfa289ed1e7c07c097eed554de3f647 100.0
2714972 1516345094741 1516347809713 5b3b93789bb1c0a3db5d4786b0f592d035ce858c 100.0
2714971 1516345094742 1516347809713 5b3b93789bb1c0a3db5d4786b0f592d035ce858c 100.0
2763255 1516345095673 1516347858928 775ef29a248ce9701df2b2a2e8982df1279bcaa7 100.0
2883939 1516345097152 1516347981091 97367c820b95929b384859300658e46fc3c2ecf4 100.0
2726358 1516345098067 1516347824425 d13f0df2c6397b231fc5742b4c676ff5ce0b5c83 100.0
3552376 1516345099944 1516348652320 6370a62fdcedaec1683c685b12f8ee3a8a9eb116 100.0
2849667 1516345100364 1516347950031 17535d5625a08815d413411f632fb5c7674bc35e 100.0
2700819 1516345100966 1516347801785 301aa26b61775f944285d1415684aa183f1cb82f 100.0
2700815 1516345100970 1516347801785 301aa26b61775f944285d1415684aa183f1cb82f 100.0
2832592 1516345101055 1516347933647 2e31b46d64cc160860bb4b2bbbf772c97bff1852 100.0
2709689 1516345101469 1516347811158 33f523f8212c70858e76660a34de79b2c62ca9d0 100.0
2769861 1516345103604 1516347873465 158e4f4d2bc33639cde4c5fd9ca937985e17df06 100.0
2718071 1516345104203 1516347822274 ed3079c549c4a47400f2bc4341996e8551d6b0f4 100.0
2707428 1516345105922 1516347813350 802e46a930045cf239995d80fdb95539dfde3114 100.0
2920194 1516345111323 1516348031517 8af3c7705f5d91284b6ef7ee5c17e65774f8c151 100.0
2761353 1516345113619 1516347874972 7fa5d8b13316c90c440a89679727c05cf5c357f7 100.0
2701567 1516345114617 1516347816184 f4beea8a378bf9c97a5008eea77e8db01a17d6af 100.0
3024131 1516345115089 1516348139220 3cf242b5df19565234a9a37247a52de745ae8095 100.0
3077843 1516345140564 1516348218407 8673b31c76d336add2202112314993cdfdb26055 100.0
3077836 1516345140571 1516348218407 8673b31c76d336add2202112314993cdfdb26055 100.0
3077824 1516345140583 1516348218407 8673b31c76d336add2202112314993cdfdb26055 100.0
2802760 1516345141164 1516347943924 eeb81f7543c81933b56ad283364f6c238fd6e93d 100.0
2725553 1516345141217 1516347866770 a01389e8a3266674f3db21c8f9fee47ac33c36b5 100.0
3146679 1516345141524 1516348288203 fcd5ff9cab5c8aea811d313a7f516569defdf02f 100.0
2806282 1516345141571 1516347947853 f3c4ebc6099d167044ffc506ee3732ec0842b0bd 100.0
2806148 1516345141705 1516347947853 f3c4ebc6099d167044ffc506ee3732ec0842b0bd 100.0
2705368 1516345144005 1516347849373 f4a9c0a19c5b0f4a4a17faa1034123017962df9b 100.0
2705368 1516345144005 1516347849373 f4a9c0a19c5b0f4a4a17faa1034123017962df9b 100.0
2717211 1516345144165 1516347861376 359ce2b55d9a9195f824cc711b199ff77791f28c 100.0
2763716 1516345144242 1516347907958 a1be7aaf6b407dc3c9ebe7275b14b7e6925c2ee9 100.0
3269329 1516345144393 1516348413722 e2378cfa77ff255cedd3c5f339ba739e368c96bf 100.0
2727986 1516345145152 1516347873138 e4e1b2a1f0b7f81e2121a0a584901bea1920bbdd 100.0
2780693 1516345146601 1516347927294 4f881359a8bce0a651e7d395c012b8345fe43ac9 100.0
2780693 1516345146601 1516347927294 4f881359a8bce0a651e7d395c012b8345fe43ac9 100.0
2760766 1516345147425 1516347908191 ea3d3fe5f12f3d85543f9fdf710cc159e7443ca0 100.0
2711490 1516345147585 1516347859075 74f8c47562e6ae3a5bba6ebc3a9735d914dc1738 100.0
2700887 1516345147586 1516347848473 7966ccadb2bc806df4d58f4496bd772ba987ab41 100.0
3145717 1516345147609 1516348293326 bc3e8f1eae1d26196db7066a966b7b385776131e 100.0
3597330 1516345148144 1516348745474 1f69780386b6456e170bbc344d69637fe68e082f 100.0
3597328 1516345148146 1516348745474 1f69780386b6456e170bbc344d69637fe68e082f 100.0
3597324 1516345148150 1516348745474 1f69780386b6456e170bbc344d69637fe68e082f 100.0
2712840 1516345148206 1516347861046 a05e50c756e2a8d30d9f4c7591ecb5def94626b3 100.0
2712840 1516345148206 1516347861046 a05e50c756e2a8d30d9f4c7591ecb5def94626b3 100.0
3596708 1516345148793 1516348745501 a6385fccdf46e17e9cc5c6af3e922929b7a35a9a 100.0
3083672 1516345150384 1516348234056 5bfbf521fcf2c6373dcb54262760e96e486b5128 100.0
3421732 1516345150987 1516348572719 b94a1a81f0b48f470e769666c525af6875ac6aa5 100.0
3599740 1516345151412 1516348751152 4cfc3e024304e7bc4f6deb71bad22655a033b6e8 100.0
2713939 1516345151545 1516347865484 fd5cb01a75cf86a3d84a5c4639ada4f9619187b5 100.0
2713925 1516345151559 1516347865484 fd5cb01a75cf86a3d84a5c4639ada4f9619187b5 100.0
2726895 1516345151639 1516347878534 e18a4704068b5ebec76c3e57d29b98462fd7e2ea 100.0
3593466 1516345152007 1516348745473 5aa34dfbdc24200160a47a996c3428148a5bd6e6 100.0
2787324 1516345152606 1516347939930 b9cb43ac111d9e6e26a8cd2f26bceeb8fd25e7ab 100.0
2715342 1516345152618 1516347867960 a029fdae22409dbcd593ad8194b7bb8d67d1629f 100.0
2869401 1516345153729 1516348023130 910fd542db5aa96f8f6fdf99a9f2178cc472cf9e 100.0
2767091 1516345155231 1516347922322 cdc25cec5ed7350c4121acf9d33cf2ea5cd3f1e1 100.0
2767069 1516345155253 1516347922322 cdc25cec5ed7350c4121acf9d33cf2ea5cd3f1e1 100.0
2700373 1516345155832 1516347856205 8f900f349b73a0b830a2f928db0786c133c42f93 100.0
3514706 1516345155926 1516348670632 ec844af48d0b157708384f6ad3020c40979878cf 100.0
2700159 1516345156781 1516347856940 9f6fe6d47474d723ca3f325ae96a23cee068043c 100.0
2761563 1516345156847 1516347918410 aa0be4a60ba5c89c97ca6bed859db972665ac335 100.0
2885634 1516345157162 1516348042796 ab1f5ffddaba051ba131554f045a52fad6b512da 100.0
2714058 1516345158246 1516347872304 050fda9ee31187919c77a6e47b1340066791935a 100.0
3592617 1516345158454 1516348751071 8ab453cf73fcc70999fc378c96b1dbdbd7b29fc8 100.0
2727722 1516345159774 1516347887496 cdf1609f10b6d6857c4ea9e1c349b5e87974b41f 100.0
2700352 1516345160059 1516347860411 b86bddc1db10ee663c462d699fa414e0ee09f114 100.0
2712370 1516345161327 1516347873697 902062da9e89b63dc20b33d318634100142dc060 100.0
2745584 1516345161672 1516347907256 076d48498064e637bb6599032e5f306c9605fbd2 100.0
2883252 1516345161945 1516348045197 de8ce1105a6ff4c2a2258dd9fc18d0ce93f90b78 100.0
3454440 1516345162619 1516348617059 d775625ddca09a5b3dc9d35ea97ad88e3f3097de 100.0
3001149 1516345163694 1516348164843 68cd2b665a7694530c3f935ea5bdb5b6455a093e 100.0
2773617 1516345168943 1516347942560 d7baf10cc4bc2fd93b3bd6c2dd5fa9d5cd0e6592 100.0
2718156 1516345168948 1516347887104 8f72e9e585a02faecad6b42cf493fd41e6b18d32 100.0
3599970 1516345169407 1516348769377 2b8c28c480e1f206b15bbb098d6832901cb93f1b 100.0
3144574 1516345170495 1516348315069 3c45ee7e69ebe61cec6cd9911a7b21b54fc9b640 100.0
2729333 1516345171357 1516347900690 5fdd2e3a15a4ab4bc0b32ebb5c8bb1f7aae67bb8 100.0
2769909 1516345171612 1516347941521 2f8d1e260fa97eb2c6a6310a11a36248064547de 100.0
2769905 1516345171616 1516347941521 2f8d1e260fa97eb2c6a6310a11a36248064547de 100.0
2860674 1516345174346 1516348035020 c40c869fccd8c2cdfd1c47e8ea90440099194abb 100.0
2756221 1516345174489 1516347930710 fe4959b5c4ffe57cd5ac8bd781b87609f76b9d43 100.0
2710602 1516345176797 1516347887399 10717ecc2123eef021f5394a81102c88709304e9 100.0
2710598 1516345176801 1516347887399 10717ecc2123eef021f5394a81102c88709304e9 100.0
2701254 1516345177944 1516347879198 d8547785a09f51ee8d484e6dacc7937a1235bd12 100.0
3572319 1516345178865 1516348751184 1d69669429cb951f960ba6923d861854e1e656cb 100.0
3134807 1516345182296 1516348317103 45de7d9b132e83513c830de8538f8a2a648e5890 100.0
2723113 1516345182771 1516347905884 4722ce641129439326b526101b454ea3611719a9 100.0
2760249 1516345183475 1516347943724 931d177c0d465d45960cd5b707598a16e164f478 100.0
2861110 1516345184147 1516348045257 7e0bf47362409cf6766619bcd11631607d0b7852 100.0
2756821 1516345184182 1516347941003 ee2f0bf42b9fec5ebd5fa1e26f7fcd113fe06b7a 100.0
2712353 1516345185425 1516347897778 b481a2e40ceaf79e5da4cf3b0be0f0c9c87d8e68 100.0
2857115 1516345188259 1516348045374 b17e3cec47f800167967ea915642721f2256992c 100.0
2722758 1516345188650 1516347911408 96b142ba26bb1a8c94fe490e476f21308ebe094c 100.0
2745239 1516345190435 1516347935674 360cf2a640bce654677305763b826d749c06f057 100.0
2743383 1516345190559 1516347933942 87d2e79eaaf0b4c98cf9ec13c6d6f929f3255b9e 100.0
2743374 1516345190568 1516347933942 87d2e79eaaf0b4c98cf9ec13c6d6f929f3255b9e 100.0
2717973 1516345192332 1516347910305 a3ed4a3aa27b9d24385725829cf203ccb16dc859 100.0
2722461 1516345193580 1516347916041 4f1608f98fe6d9bed71b640360a3d55be26d458d 100.0
2739537 1516345194458 1516347933995 0b6208e244d13b26c80632125d14d1bdcae0c031 100.0
2734017 1516345217089 1516347951106 cda680ca559533406a038090bb4e781db21b1e95 100.0
3524974 1516345225862 1516348750836 a6385fccdf46e17e9cc5c6af3e922929b7a35a9a 100.0
2822749 1516345226833 1516348049582 6b85addfd1b049e3f008c2891be199448f1ba6c1 100.0
3436124 1516345227021 1516348663145 9cc71fab583d78a8bfdfca76d37a4c8079c59d8b 100.0
2793081 1516345227611 1516348020692 e2b8f9dac69399e5277eb83091f68848bc4c9127 100.0
2792946 1516345227746 1516348020692 e2b8f9dac69399e5277eb83091f68848bc4c9127 100.0
2832936 1516345229238 1516348062174 109b057c264fe7e050d99c59f8f49cd4b8800042 100.0
2708284 1516345229521 1516347937805 b3ca2e3b91e670859561859a3e34956b9f234744 100.0
2731838 1516345229634 1516347961472 544102ad9bcf1553065069074bec9e638f827ced 100.0
2755100 1516345229641 1516347984741 0811be059494353b60988791580cc612b42951d4 100.0
2832082 1516345230109 1516348062191 ac0bb770da1165cc60d266bc22fc34e70e95712d 100.0
2708079 1516345230352 1516347938431 0d42cbdd097a817563565c199ba2895cf2c4c390 100.0
2706391 1516345231414 1516347937805 b3ca2e3b91e670859561859a3e34956b9f234744 100.0
2709929 1516345231576 1516347941505 34d030cedf13cb4bfeaa960036ee93aa8abe88a3 100.0
2709844 1516345231661 1516347941505 34d030cedf13cb4bfeaa960036ee93aa8abe88a3 100.0
2786554 1516345232433 1516348018987 2ae2c32cd8c874944b82ddf70e2fb5476ae79a1e 100.0
3596967 1516345233377 1516348830344 cb2fa8bfb6023d1ac00a4f4b3df85cc83b2103fb 100.0
2729340 1516345234796 1516347964136 3c3c2ac1062ed6ff8dbe0ef63c30d808bfecb7be 100.0
2713327 1516345236427 1516347949754 23a9ed1c4938d50dbc7619654c481884b898ed7e 100.0
3506628 1516345244530 1516348751158 eb45426cb92137cb153c7042d9a47c9e2331f8fd 100.0
2795273 1516345248841 1516348044114 56b9e33c2e622fc59912cbc27c738c8c4636b538 100.0
2795272 1516345248842 1516348044114 56b9e33c2e622fc59912cbc27c738c8c4636b538 100.0
2894876 1516345249900 1516348144776 86009e5a7348ea8ebab1321120a9838bba9a7fe1 100.0
2987663 1516345250606 1516348238269 b687cf0af39b2751b1265c8d1cdd26670fc7b20b 100.0
2987663 1516345250606 1516348238269 b687cf0af39b2751b1265c8d1cdd26670fc7b20b 100.0
2715484 1516345251295 1516347966779 347c1b5018fdaf34e202d232579c7d5b2cc80492 100.0
2709971 1516345251629 1516347961600 175d80f064bc6155144d53240ac74e562343d08e 100.0
2720253 1516345253387 1516347973640 f65267ebb289fb711c221cab35290dc881927061 100.0
2724860 1516345254316 1516347979176 bc1dbfe751cb54202eed84e1c5bf70298a6baa72 100.0
2735013 1516345261150 1516347996163 7d10de0147ef4b9cf7fb6a467d897a269a632d53 100.0
2703294 1516345261242 1516347964536 dafec0f91c3f59d88d805ef520a6937bdde8a62b 100.0
2703293 1516345261243 1516347964536 dafec0f91c3f59d88d805ef520a6937bdde8a62b 100.0
2703290 1516345261246 1516347964536 dafec0f91c3f59d88d805ef520a6937bdde8a62b 100.0
2724635 1516345263516 1516347988151 c7a808de117d9e6a0e97e2f49f898d0c8d3dca66 100.0
2724633 1516345263518 1516347988151 c7a808de117d9e6a0e97e2f49f898d0c8d3dca66 100.0
2706338 1516345263803 1516347970141 c0646e960b62a8bc984642c72b5d4da44c0a5198 100.0
3575793 1516345264134 1516348839927 e5bf562d8e81fc5d0cfd4d5621656f0b26da7d63 100.0
2779929 1516345264223 1516348044152 6298f1d6482cec80ba7a991dbd047afabd676956 100.0
2744200 1516345264536 1516348008736 f8434e09b40e639d044bf864a3d3ff183545d890 100.0
2820189 1516345266226 1516348086415 2af31fc4ad010e2561e748473a8fe332ffa15b6f 100.0
2708956 1516345269183 1516347978139 9059ea29a72bd6db37bf8c9e12c378130e10dc78 100.0
2783164 1516345270706 1516348053870 9a124154c59c016edb083e88cfc71cd65bb19f44 100.0
2757420 1516345271489 1516348028909 6ce50189b4105c009f680fb6fe2292598a5d470b 100.0
2718788 1516345272635 1516347991423 fd8796c87c7c358cdc9abbf2868c1f5cff68c6a5 100.0
2753898 1516345273419 1516348027317 079fb372a1d9f5944250bf574a0d7be5b1a4a2a5 100.0
2701241 1516345273900 1516347975141 bc3c81260be259d94ac7e7a1d558b5a115d4f00a 100.0
2734166 1516345274709 1516348008875 024b6b3501ca7267bd3985ed4b2c595bd68210d6 100.0
2734166 1516345274709 1516348008875 024b6b3501ca7267bd3985ed4b2c595bd68210d6 100.0
3041435 1516345275667 1516348317102 d2c45d6932d81acc2d0938cad8cd79e07ede1af7 100.0
3472890 1516345278217 1516348751107 1397af7bd7ee67d31b8c65d271ac61f2154531a6 100.0
2716484 1516345278704 1516347995188 493959e11f99c7ee9ef1610b7827ec09079f9645 100.0
2729563 1516345279609 1516348009172 665a6495316e8a50bc6e054c002b93178132f645 100.0
3540489 1516345279622 1516348820111 43e2ff01c7f8453096ec0ebebbb18b95c4acbd74 100.0
2718122 1516345280096 1516347998218 b1cee12ae22ef49481d3d195ec995fd246333dd3 100.0
2735488 1516345280816 1516348016304 ee6e19df4ce12fc091bdcde6451cf8e2b89493c3 100.0
2704612 1516345312271 1516348016883 a9f42b52bf8af6f9cf9159218cfa739823fa5df9 100.0
2704608 1516345312275 1516348016883 a9f42b52bf8af6f9cf9159218cfa739823fa5df9 100.0
2704607 1516345312276 1516348016883 a9f42b52bf8af6f9cf9159218cfa739823fa5df9 100.0
3173258 1516345312566 1516348485824 da81ef1dc009c1f615a10be3db0604f3762d9c7e 100.0
3437768 1516345313311 1516348751079 50ccfe828251d368b6da530a914bb139746e9c21 100.0
2749818 1516345313531 1516348063349 f927c4df88ace902e6e0417107b5d356f6022173 100.0
2722198 1516345313617 1516348035815 751c3aa8b3a1e8eb65dce87b7ac34bbeb7dcf4bc 100.0
2704881 1516345313940 1516348018821 4d19a7bb660c550a116c42c62e654a9d726e0cb3 100.0
2729158 1516345313994 1516348043152 80713d7ed0ebc0c1ae19808d64c4cefad5c7174d 100.0
2729674 1516345314784 1516348044458 e673a10da5af804c0247fa3ac5e34f94baa63030 100.0
2729430 1516345317914 1516348047344 67c8190673f45452a3b6f756c4ba5582fef58c9a 100.0
2704610 1516345318702 1516348023312 bc787679b81e18d5d51a0bdf691c09f40d782e8e 100.0
2704580 1516345318732 1516348023312 bc787679b81e18d5d51a0bdf691c09f40d782e8e 100.0
2856446 1516345320041 1516348176487 07d3e1223a4a4c5ebc58acc90726485f67d16fca 100.0
2707230 1516345320203 1516348027433 2a234a6d83dc5ff9d73d3c826fb4ed4910f3034c 100.0
2721311 1516345320364 1516348041675 defc4bbe590439b6f9acc7a3e476b8a22b08a26e 100.0
2707342 1516345320384 1516348027726 bd480cf3880113637d0665d836e0fe439dfab771 100.0
2714838 1516345321492 1516348036330 ff88a065c16c9c5bdef79fd2be79991c2534c2e8 100.0
2721854 1516345321734 1516348043588 5a934ab583955824de8f958da3388b725645b44f 100.0
2903603 1516345322397 1516348226000 489d4d3d67cd6f81fc2935e8656da420bda9644e 100.0
2810529 1516345324092 1516348134621 b8d0af3a9516af9331b964a1fd8805f5ad328ede 100.0
2810540 1516345324182 1516348134722 6f64784cb7ba7e5e2d6ea46bea6197cbc76a2e06 100.0
2726067 1516345324988 1516348051055 895ecc5f67054ba353c2ff8ad06c0aef7472ad27 100.0
2717089 1516345325363 1516348042452 a70d79b1e816fb27d7cd1f47b80651f7ea79b957 100.0
3512366 1516345325744 1516348838110 eb3594ccfc664e3b53086a84941f13118de238d0 100.0
2770597 1516345326651 1516348097248 0fc41695784ac421400c1be82afddc785d37aa13 100.0
3343973 1516345327579 1516348671552 94b609bf97c0279fd9a8b70ef93ee6bbceb1ed8a 100.0
2725082 1516345329273 1516348054355 f67e0142558327eb6ad6581d1ecdb493d0532890 100.0
2725721 1516345329279 1516348055000 d8ff3f008a2f206033cd7163b28e8ea84f7dd3a5 100.0
2987505 1516345329538 1516348317043 9fa12364df12cfa42c24c56e429c19db1cfd3d33 100.0
3060715 1516345332295 1516348393010 14e3f0b65da69a2cf83b35c2b0efc755d78c4c17 100.0
2721688 1516345333069 1516348054757 50ae9759df12b2e0fd50c265d4df1d7e7b4bf8c5 100.0
3599066 1516345335492 1516348934558 e719b818e76f2fdeda07a75a659f0a74b0a016bc 100.0
2721687 1516345335820 1516348057507 1a3a2abd3415e37062e6842d946833295981b6cd 100.0
3597406 1516345335856 1516348933262 c1246d04560f5e38c241cb213e1033d15d9956ea 100.0
2707708 1516345336449 1516348044157 42ec8f1c9fc6a627945b69b8d97bcacc35e13ca6 100.0
2704404 1516345336725 1516348041129 51350b6cc38f714e782c0b67612d9964bc578d02 100.0
3597070 1516345337508 1516348934578 96f6786dfa4eaa57db2d1c09aa3e40af74e44f40 100.0
2766751 1516345338269 1516348105020 046cd37e58673c93797d07dd18fbdb55bb468204 100.0
2735018 1516345338917 1516348073935 ea8b4b512bb724fe86ddf69b2f7ffe751ed7340c 100.0
2800208 1516345342061 1516348142269 1e71afed3fc2f6648eafff1ca7e29a85cecb6a0c 100.0
2846878 1516345343166 1516348190044 a8964d82f65be75e140c8db19398497fe9843c32 100.0
3592448 1516345345727 1516348938175 4b0067800598fdb8bb9623ef381f2c5e9dc5cd2a 100.0
2710612 1516345350567 1516348061179 70e8087e6137fe7c42390cbc80e600f8f833f6be 100.0
2785198 1516345350832 1516348136030 c1355a88f4bfb6dbe37973a04275e01b68a89ae2 100.0
2709038 1516345351463 1516348060501 bf36c4fefb230d53e024ad1214e0c10c03c179a1 100.0
2701124 1516345351766 1516348052890 7973f42be05becac5c1c5282c868bd781b9212fe 100.0
2701119 1516345351771 1516348052890 7973f42be05becac5c1c5282c868bd781b9212fe 100.0
2779225 1516345352507 1516348131732 ecfb8edd9cfabad95d1ecc69af8ee4926349c423 100.0
2779214 1516345352518 1516348131732 ecfb8edd9cfabad95d1ecc69af8ee4926349c423 100.0
2709006 1516345353996 1516348063002 28a93ab0249055cc7fb0e5150ee935a4e4dc6934 100.0
2708992 1516345354010 1516348063002 28a93ab0249055cc7fb0e5150ee935a4e4dc6934 100.0
2861681 1516345354784 1516348216465 4482dc862ad57ad804c16153db26fce9394ad8c8 100.0
2861630 1516345354835 1516348216465 4482dc862ad57ad804c16153db26fce9394ad8c8 100.0
2727476 1516345355049 1516348082525 e03c7891e00d669d71098821245b4a92a913f26f 100.0
2705721 1516345355233 1516348060954 1f031832d744cb6d45507630c1a9d208face464b 100.0
2702115 1516345356165 1516348058280 7f3daeea72acd247f32fd4daf9dc423a355839ed 100.0
2702110 1516345356170 1516348058280 7f3daeea72acd247f32fd4daf9dc423a355839ed 100.0
2754635 1516345379944 1516348134579 7147114a56758f96b9e427b94570ce5105a59308 100.0
2835715 1516345380908 1516348216623 16193e09ff096d3e40228b1da1e7ba37835be0cd 100.0
2720200 1516345382348 1516348102548 96efbfb25a64901e679230b0a217cb90f1530025 100.0
2715148 1516345383051 1516348098199 feaf7270f0939a552a6de8fe4a36922fc98bd39a 100.0
2714625 1516345383171 1516348097796 b84ee75bfe4dc1fafb8ad4a224bf917a1b67f633 100.0
2700199 1516345383725 1516348083924 c0649b2ec40f98c95f2cb3adb2b73cf3a34c1412 100.0
2740387 1516345383847 1516348124234 27c7f560724701018b5033a8b353595bb852dc2d 100.0
2764715 1516345385764 1516348150479 b9fc16915d268cb0d83c0b9a37cda7ca4cc10c25 100.0
3099963 1516345386402 1516348486365 83bedb3ba145cfaad7585efe01f9ea4dcaeb7e2c 100.0
2720808 1516345391267 1516348112075 b2f814d24befb85b36dec5ac65c7a0c9cd2b430b 100.0
2720806 1516345391269 1516348112075 b2f814d24befb85b36dec5ac65c7a0c9cd2b430b 100.0
2728668 1516345391464 1516348120132 f07c7fe89cecd013b263a3849ca7093ddc3669ce 100.0
3542701 1516345391892 1516348934593 c16db0ec0075b5abd15218a3800bf84f1fbaa2d7 100.0
2724907 1516345393816 1516348118723 34e675d82c1a4f941f852aff6645d0ff71be88a6 100.0
2710394 1516345394962 1516348105356 575a6bbc1de6426c72ba498f280edfdb6069a67c 100.0
2769986 1516345395558 1516348165544 0abda869cae6bba6c300a84dca2eddd0afe919ac 100.0
2769975 1516345395569 1516348165544 0abda869cae6bba6c300a84dca2eddd0afe919ac 100.0
2992458 1516345395933 1516348388391 e28e68dfd2e74a62cc032445eded6ca0d9705df9 100.0
2841730 1516345396639 1516348238369 bb2573ab4fc77dcbb544d49ca50d284fa26d7afa 100.0
2822024 1516345399049 1516348221073 bf259a13437c0c1930fbfec84b226d210227f4f6 100.0
2750237 1516345400007 1516348150244 819abc87348471452259165ab32b695dfd406a76 100.0
2750233 1516345400011 1516348150244 819abc87348471452259165ab32b695dfd406a76 100.0
2744414 1516345400656 1516348145070 0c5858723f4f517cbaf94959ea9f1b1f36a69620 100.0
2731820 1516345402774 1516348134594 a91992dde0c49d082fadc8503748661b8a43d832 100.0
2731813 1516345402781 1516348134594 a91992dde0c49d082fadc8503748661b8a43d832 100.0
2909478 1516345403188 1516348312666 d1bc71652fca0ed60bc5f7f2ae049d7df6d75016 100.0
3436162 1516345403819 1516348839981 49ab868f6097cf3bc839834751e56c2800a77f28 100.0
2730969 1516345405219 1516348136188 7aa7d8b50a03706d1e2f4f8d8a8983f32c3d4bf9 100.0
2730967 1516345405221 1516348136188 7aa7d8b50a03706d1e2f4f8d8a8983f32c3d4bf9 100.0
2730958 1516345405230 1516348136188 7aa7d8b50a03706d1e2f4f8d8a8983f32c3d4bf9 100.0
3589629 1516345405669 1516348995298 2c970b9c06eb5f178ec993985d9cfbcca5d5a286 100.0
2760805 1516345405710 1516348166515 70f0781b4b37ef8114d8160e33d68ef83adb006b 100.0
2700774 1516345406214 1516348106988 c651fe8906f16a2829d5879e9066dc5eadf45a7a 100.0
2707759 1516345407118 1516348114877 56c518cefa5802ef37ac8d899cc7159982a91e83 100.0
2720339 1516345407396 1516348127735 8b4541663ada15d68d26060dd74aa5856818a323 100.0
2704006 1516345410915 1516348114921 f4cd9c6641bcf03a91ec5185100f5c4fb8684c8a 100.0
2703665 1516345411256 1516348114921 f4cd9c6641bcf03a91ec5185100f5c4fb8684c8a 100.0
2703546 1516345411375 1516348114921 f4cd9c6641bcf03a91ec5185100f5c4fb8684c8a 100.0
3596563 1516345413089 1516349009652 406a5076c27c2a4d0cc535f103ade5e659fa2187 100.0
2722956 1516345413091 1516348136047 67052c4e8885ef920fb4335b6e8f9b2b00ae58f9 100.0
2702689 1516345413688 1516348116377 262dd0871672e5ab115d1be1bd4a7fb2c9136965 100.0
2757755 1516345414541 1516348172296 0dadb05467f3bf8cec6cd8436e08241af133ab54 100.0
2727572 1516345414761 1516348142333 9fbdc88973705f17be2a2acd8fb5385eb38a3fa1 100.0
2707668 1516345414765 1516348122433 e4d9ac4772b62a375c8c1dc837068e4293cdd371 100.0
3576846 1516345415949 1516348992795 6d65df885d9d6cf914e3e7d416c19af729e0bba2 100.0
2735111 1516345417264 1516348152375 07300b7a7ad6e2641b2a5a51261cf57b14123e0c 100.0
2727809 1516345418664 1516348146473 43cb11d9a42148ba1fd8f0b312ad3283feb11d17 100.0
2725663 1516345418786 1516348144449 3d6f6fc80ae5c2c5dda8517519281d32150a1a47 100.0
2703186 1516345418804 1516348121990 6649998775f75d66788522d53fdca4e214bd73d9 100.0
2803971 1516345419055 1516348223026 ec03f0ee5b11a0cce422a43261757610db8c0487 100.0
2708721 1516345419221 1516348127942 961ae02880d561e9fe64724f3c400a3699737164 100.0
2718928 1516345432689 1516348151617 16b52717829d5a3c0db1b636edf29a434e950499 100.0
2861735 1516345439389 1516348301124 74184522b0cc20b4c86b17f142110ac7a02c54bd 100.0
2861734 1516345439390 1516348301124 74184522b0cc20b4c86b17f142110ac7a02c54bd 100.0
2861717 1516345439407 1516348301124 74184522b0cc20b4c86b17f142110ac7a02c54bd 100.0
2729822 1516345439643 1516348169465 df3816bdb92e91079cefd4d0d26ffa0f148716cb 100.0
2795829 1516345442567 1516348238396 f4ecbc42b6c7faeb2ee979f1b13d8ba104b0e110 100.0
2869555 1516345442585 1516348312140 8c97f1e786eca1e898f3ad6acfbdc10a461ff8a9 100.0
2723053 1516345442904 1516348165957 df67128c8d3fa57b6e4e06df9757add20768ccbb 100.0
3037499 1516345443710 1516348481209 ed08cf540f28f6f05549d6c3ef5cbeddb2681903 100.0
2725544 1516345445081 1516348170625 2116ebb30e291fb8dba798ebf9dcac15e50b6ab5 100.0
2723631 1516345445329 1516348168960 c6d914fb5915f7180e77b98a844ba8dc18c73cd6 100.0
2763649 1516345452905 1516348216554 87e6e9cba6d196f396fb21ca9c57cf28477caabc 100.0
2859627 1516345453035 1516348312662 1acdfac8acfe4bb8f94bbb5a72ba8d0f6e64a029 100.0
2859627 1516345453035 1516348312662 1acdfac8acfe4bb8f94bbb5a72ba8d0f6e64a029 100.0
2860078 1516345454530 1516348314608 badb8c440d5bf028b3550f2f7755c8a6c42e69dd 100.0
2860055 1516345454553 1516348314608 badb8c440d5bf028b3550f2f7755c8a6c42e69dd 100.0
2743938 1516345457078 1516348201016 40a195c8c43f9054b7e1d342b6abc5aa53a1ec77 100.0
2718353 1516345458780 1516348177133 020fe1b9090e3ad8f4e34b39f895a6e5f4e3997e 100.0
2734973 1516345460432 1516348195405 7a0b0136ca298fa4f2a11a6db6c0810269913b71 100.0
2805386 1516345460776 1516348266162 7b92215456b7c8e75d78d163954862ec64eadcff 100.0
2714276 1516345462520 1516348176796 09c9d813ba336bea0ae645046d6d7be8dbe3be76 100.0
3471564 1516345463023 1516348934587 263c4fd60a0bdb9f4de4c57c3548afcb7fc2639a 100.0
2705691 1516345465875 1516348171566 e44a0efa926271940ccb58b2aeebf3c3f9bc1905 100.0
2729684 1516345466530 1516348196214 e6c0680f5f746723eb566dafa9eec9da135eecb9 100.0
2744002 1516345467605 1516348211607 20bdb4109dc5221cd47f4f448940768ae7e1621a 100.0
2706649 1516345467626 1516348174275 589b226c17bf9c2de6b06a96b64e40017edd220e 100.0
2713187 1516345468133 1516348181320 825cf969a4711c4e82b45961b8f6067527472e6a 100.0
2772203 1516345470146 1516348242349 a6bb0790fb3bf28f87499a0e2a178a3aa564fbce 100.0
2724030 1516345475031 1516348199061 a6e392a5dd9ad0758f4858f417bc01a78ea1f2bd 100.0
2726896 1516345475073 1516348201969 35f2370fdadda1df75d4ee043c5c2d9262a96ede 100.0
2704899 1516345477832 1516348182731 dfb074c296890e9c600a1d7c48ecf47b7f41f747 100.0
2734554 1516345479806 1516348214360 4385efd4f3ed0cac7d51bb2ebe9a9b189b57fb69 100.0
2729770 1516345481844 1516348211614 c27b80c6860e4804c10f4371a47005f531a45a2f 100.0
2788908 1516345482290 1516348271198 26e5d4608b6eea6428edb80c9ef4f3335205b335 100.0
2709906 1516345482735 1516348192641 567ae5fa21d5c91fe0015e75ebd21ea7a79c759b 100.0
2832894 1516345484183 1516348317077 7fee39f336abc787cb5c5e9fd2761c4de357e8ec 100.0
2832887 1516345484190 1516348317077 7fee39f336abc787cb5c5e9fd2761c4de357e8ec 100.0
2727907 1516345484528 1516348212435 2dd85ab5edec37e173b8e1be7400ec40da0908f8 100.0
2738867 1516345486253 1516348225120 81796ecb821f9564e447ccd9611a56c7d80a8f1d 100.0
2735738 1516345487047 1516348222785 fe495090b4248a24a57db060066f1d1fd9b897d2 100.0
2824576 1516345487721 1516348312297 660c66e14fd51fccd258290387026a1180a0cc4c 100.0
2729512 1516345488374 1516348217886 e480b07b27ca11e753d917317f4a121821fdda3c 100.0
2745249 1516345488690 1516348233939 5e49a6859dbd5ac9f52a4747324e78d6969a80a7 100.0
2739196 1516345489141 1516348228337 cbb5c1a2e2db00c756bf89fb80f75d7f87b718d4 100.0
2702442 1516345489392 1516348191834 a7f4be157c94a7462926dbf4908f44d0581072be 100.0
2835302 1516345490427 1516348325729 f5bdd45f80502bc6872a67714f8da309255e026a 100.0
3519696 1516345490631 1516349010327 6e16559001b63e5e99c6865f872c1d9d10cfad8c 100.0
2785889 1516345490744 1516348276633 da26a45994ca56472a50b93e73daf4b376b13c92 100.0
2708340 1516345492212 1516348200552 ae84b2c57b85f8ea56ea474d6e31d693c7c0c1c4 100.0
2708334 1516345492218 1516348200552 ae84b2c57b85f8ea56ea474d6e31d693c7c0c1c4 100.0
2728479 1516345493487 1516348221966 8e47c3eedf51e29fc408d899031ee4edbabfd6c5 100.0
3340990 1516345496457 1516348837447 c7c7032b5160f19021eb26e9253e0d673c957616 100.0
2722054 1516345500942 1516348222996 93591e9f726fb735bcd8289d4e5dfc75467c78b6 100.0
2773785 1516345515697 1516348289482 50f2f74385d4e786390d952f539e96ddefc99829 100.0
2709554 1516345519703 1516348229257 34fe1dca23d30bc37ff06988318ace17c0423a93 100.0
2728830 1516345529605 1516348258435 f8ba6bfdd8b6ae5d02b22863b8aebf5d228ed147 100.0
2728828 1516345529607 1516348258435 f8ba6bfdd8b6ae5d02b22863b8aebf5d228ed147 100.0
2963661 1516345530083 1516348493744 0be6778cd3a113867ff3d8e084e70c94f6029390 100.0
2781272 1516345531011 1516348312283 7366566fcd2e34ba7c465852c02ce0a2c5cd0438 100.0
2729623 1516345533820 1516348263443 8abd1bbe397a03c6050e88b9a36f6f181b3790d9 100.0
2701297 1516345536668 1516348237965 8c83604d1da0bfd483704822cf48f5565e0d37cf 100.0
2712114 1516345537328 1516348249442 3566424a78abf3099171074c2181a019821ffcbb 100.0
2727848 1516345541271 1516348269119 3dab059eef82defec23fbc5f86d63ef2e45827bb 100.0
2749006 1516345541622 1516348290628 8f04de9144a042942d84a5d61638927276e8d87b 100.0
2728171 1516345542108 1516348270279 44fe5ff4b5e0dbdce44609eef131d18055c3ed78 100.0
2728170 1516345542109 1516348270279 44fe5ff4b5e0dbdce44609eef131d18055c3ed78 100.0
2704235 1516345542321 1516348246556 60068d9f2163d66ef6688f42e6ad380b01269697 100.0
3572207 1516345543470 1516349115677 93f4bc9c4d7369daf5e5e35dd27987f15b4ff5be 100.0
2700184 1516345548548 1516348248732 875e4dc65bfbe7ea610a9f1202aae8272dea3f91 100.0
2783616 1516345550267 1516348333883 f392652cf68e38b10b6bec80197a2840c0a5f0b7 100.0
2718703 1516345550617 1516348269320 ea3ea61feea305cfb7823d6c2dbdae28a4edec70 100.0
2709697 1516345552431 1516348262128 8eaf8c4e2c3b48ab2119380f41ecb04da6a5edd7 100.0
2702393 1516345553302 1516348255695 d0664b92c92687703d3b8ee37031433a4a8c51ad 100.0
2712853 1516345557103 1516348269956 c43e7de4266d9b5a90dc93890e67e665c50487cb 100.0
2716773 1516345558068 1516348274841 d85448ccf4cff4da9ef0b32e427f158a48d85bb1 100.0
2739545 1516345558166 1516348297711 217bac0d05563b1ca5f054ce5e26dec73ae8fcaa 100.0
2809490 1516345558324 1516348367814 1da8c4a96bf3b95579401b5629d7f8019b6b7e38 100.0
2708090 1516345558763 1516348266853 39b86cd62dd9bea6358c2c7b69f3d4888118ae69 100.0
2926137 1516345559737 1516348485874 1407402486187decd077dd2fa62db9eedfe2b6d2 100.0
2809159 1516345561828 1516348370987 888f1d4aef3ca54b065d9da0ca959df8e92af4f9 100.0
3275841 1516345564132 1516348839973 c1cf33b5026a86cd21f03e089f7f0a514ce5bc52 100.0
2706763 1516345566080 1516348272843 65e8d93a9ed07354636d551bc23ae1084057789b 100.0
2706754 1516345566089 1516348272843 65e8d93a9ed07354636d551bc23ae1084057789b 100.0
2713450 1516345569357 1516348282807 2b3ae85fdeb1ce005d97cd20c556aab06e096d1f 100.0
2771290 1516345569847 1516348341137 12f3dda87293c3d93c34c8c8c3eee8102b1d7b9d 100.0
2727073 1516345569902 1516348296975 9d41e55af064e0c019ae031c21d4cac4d85d33df 100.0
2727072 1516345569903 1516348296975 9d41e55af064e0c019ae031c21d4cac4d85d33df 100.0
2727068 1516345569907 1516348296975 9d41e55af064e0c019ae031c21d4cac4d85d33df 100.0
2798968 1516345571374 1516348370342 68618d3a5eeba1aa3bd9ff234a92c1b807da9fa7 100.0
2701517 1516345572369 1516348273886 9123ffc9c91f080e1aeed5659b6cb82bbd233cd8 100.0
2773315 1516345572591 1516348345906 63f87e092f5da38791c333b458e67032920a083b 100.0
2835663 1516345572812 1516348408475 1a4664c260f7208abfe64eb99f4489b43ac99ad9 100.0
2838139 1516345574817 1516348412956 3f79e857f0fdd5eac7a54555979a888346e09b74 100.0
2742076 1516345574965 1516348317041 eb358322e59f935a71b76a764a3f11afc0882ac1 100.0
2910207 1516345576267 1516348486474 daf089871f28c2dbbc87bc5ce0473f4b56d11da5 100.0
2724233 1516345577624 1516348301857 96c4eb85913e14c508488d27dd545268923dfc4d 100.0
2744590 1516345578292 1516348322882 7feef1100ae7680454be6593fa1ff8d07330a1ea 100.0
2744589 1516345578293 1516348322882 7feef1100ae7680454be6593fa1ff8d07330a1ea 100.0
3593230 1516345580135 1516349173365 964de2ca76e2a98be082d971bc0554ef731d3d64 100.0
2718429 1516345580733 1516348299162 51bc1e9bdf389a3945245f1317d829a8888520a9 100.0
2731420 1516345605566 1516348336986 6a8f7ed52cd2c900621a55870e373161c8cac254 100.0
2716302 1516345605767 1516348322069 edd01d4782c81847928fa891f3a35f9767a309c7 100.0
2722403 1516345606271 1516348328674 2471def54ae6b6c89487cda2fe937b9a6f89ca82 100.0
2709853 1516345607173 1516348317026 4a26b1393fdc1021214ff69360256bfeb432fdba 100.0
2709853 1516345607173 1516348317026 4a26b1393fdc1021214ff69360256bfeb432fdba 100.0
2709844 1516345607182 1516348317026 4a26b1393fdc1021214ff69360256bfeb432fdba 100.0
2724760 1516345607916 1516348332676 7c384bac229a1132fb61f65134203951d32ff169 100.0
2762555 1516345608348 1516348370903 9d55b7c9e8d3586b3ef64a2f2c16d38aa743a0db 100.0
2762555 1516345608348 1516348370903 9d55b7c9e8d3586b3ef64a2f2c16d38aa743a0db 100.0
2707850 1516345609040 1516348316890 c390252342bc9732eed12a0951938eb66791b18d 100.0
2739378 1516345609211 1516348348589 37e547a7daebacf2fc8d0e84b97cbc64f9d3e2d8 100.0
2848610 1516345609244 1516348457854 dab6e808683c9c69220e2f2076c8139d636d25c7 100.0
2741310 1516345611577 1516348352887 681e3d30c213c6a03fc023e02ef9655e0abb5846 100.0
2829324 1516345611881 1516348441205 2e547f59ae6ef3a505a3ee1a88894f97d5accc2b 100.0
3322263 1516345612149 1516348934412 451e8b4f60ae32e842d334dd53fb0def92aac0a4 100.0
3322250 1516345612162 1516348934412 451e8b4f60ae32e842d334dd53fb0def92aac0a4 100.0
2700967 1516345615821 1516348316788 69b31a254a3ad76b238ba904479e1033e62ec6b2 100.0
2700940 1516345615848 1516348316788 69b31a254a3ad76b238ba904479e1033e62ec6b2 100.0
3598021 1516345621888 1516349219909 f33d81dbd5739f0c89a877154df08cc360cee114 100.0
3048630 1516345621986 1516348670616 dbb11a3f1b4b8b21c889a33404e8276d905d376d 100.0
2706779 1516345622854 1516348329633 0c15552d7e03a22e67dacbc9882e669acb02fa3c 100.0
2736573 1516345624234 1516348360807 9c8c55d3079dcb6f4866507b0d971a70b19b055f 100.0
2763861 1516345624550 1516348388411 2acfb5eaa2cc78826777e16a355d5458c1cf1a74 100.0
2743942 1516345626802 1516348370744 a6c50ed49e780e8cc46b54f634aa8873f87c272e 100.0
2751847 1516345626852 1516348378699 fe4252b0b10b2318ac70b344b3b6c0e0bf940377 100.0
2751843 1516345626856 1516348378699 fe4252b0b10b2318ac70b344b3b6c0e0bf940377 100.0
2707211 1516345627068 1516348334279 6af28602a793e22941913bd60f1e3ddf8a366f7a 100.0
2707210 1516345627069 1516348334279 6af28602a793e22941913bd60f1e3ddf8a366f7a 100.0
2708478 1516345627859 1516348336337 0731218205e31cc4c73fb4784710671ad9c4198a 100.0
2708477 1516345627860 1516348336337 0731218205e31cc4c73fb4784710671ad9c4198a 100.0
3122310 1516345628842 1516348751152 1532614886828460ac50132c701f1cb95054244c 100.0
2705556 1516345628867 1516348334423 b5ab0b63edd2f0e0f26ba2f3b600c402ac49c0a4 100.0
3135773 1516345629943 1516348765716 130a8e1a944b0ba4ee6662211f0b812cba807db1 100.0
2712169 1516345631867 1516348344036 7e26a3b2ec5a332701c2b2f1ed19f70f154b8386 100.0
3588222 1516345632262 1516349220484 ae79d5778e67df2ebdd80262b45e9d95387376ca 100.0
2712880 1516345632487 1516348345367 a25945132aa7d3105c1a103d9b3433814c91d186 100.0
2876920 1516345633015 1516348509935 ebed8818dc4e07c3f06ec0a8c02bc5695dd455ce 100.0
2701976 1516345635176 1516348337152 55fa7ac9c260dba6cbc6b2a3b12529741a3a6f2c 100.0
2700723 1516345635372 1516348336095 79707044f153b3f89aca4553a333523f2b989d71 100.0
2850458 1516345636249 1516348486707 1fa044ff32cc971f9814eaa3a4c00d40546c99c7 100.0
2704758 1516345637552 1516348342310 f26b72e846a0c1afd978dce8754d5a2ecf96d501 100.0
2941325 1516345638220 1516348579545 ae46011f6f3e1a35a0479ad815de2be127c01211 100.0
2700397 1516345640507 1516348340904 b210e27a6be9cc614aa4b412625c395b86de6ff9 100.0
2700387 1516345640517 1516348340904 b210e27a6be9cc614aa4b412625c395b86de6ff9 100.0
2702423 1516345641195 1516348343618 c53cc52f8b11b69272d18905c356ed2437af6cad 100.0
2782011 1516345641481 1516348423492 7ab49d584b7ab0ffbc61d92b1f57d5d0d3ce583d 100.0
2757284 1516345642278 1516348399562 30bee871882e26f248b2b4c4868cdbc51bf32c3a 100.0
2749027 1516345644089 1516348393116 b1c8834a9ad7b90d0503bce19b5ace7198c669bd 100.0
2749026 1516345644090 1516348393116 b1c8834a9ad7b90d0503bce19b5ace7198c669bd 100.0
2750420 1516345644390 1516348394810 77e496178cf7ab1deeac7d43cc731463a92c7b76 100.0
2729205 1516345644401 1516348373606 21395dde5515620768438d6301beb2c976969e07 100.0
2701075 1516345646646 1516348347721 96c754d34c67e3914f27fb5dae23d8bc9e09c0ba 100.0
2838559 1516345647235 1516348485794 a859b54b2a636636095c29595cf37e2d7d824fc6 100.0
2711454 1516345647248 1516348358702 a859b54b2a636636095c29595cf37e2d7d824fc6 100.0
2775704 1516345647486 1516348423190 823b2b008c1b8582f16926d617a83e4eb3a738f5 100.0
2705661 1516345647915 1516348353576 3b1c6a5a7d6aa83cff1c9c61518a3d1cbdd06ebc 100.0
2739169 1516345648100 1516348387269 e25bc90ab2dd3fe3710e79e41d96ad754d49544d 100.0
2700107 1516345650076 1516348350183 590fe4ffe8432fa854835ad2d61998f98d5c5b93 100.0
2700250 1516345652664 1516348352914 24813f791c575603a2da46ef883ecb0983635c8e 100.0
2700244 1516345652670 1516348352914 24813f791c575603a2da46ef883ecb0983635c8e 100.0
2724546 1516345655477 1516348380023 e3f8b7c12a3b97aa896ce157e776a8a242bd4a3e 100.0
2731366 1516345656555 1516348387921 fd2683bb55523c2c819921533414007e28357890 100.0
2704325 1516345690786 1516348395111 53a6890c713b1246793415e15fa86479b351cd3d 100.0
2734193 1516345692175 1516348426368 0ef9e2f514fbab77d6899204abb58b58bed0a245 100.0
2733874 1516345692494 1516348426368 0ef9e2f514fbab77d6899204abb58b58bed0a245 100.0
3587620 1516345693628 1516349281248 ec5ca63f58a00b299c1687c72b6916bc5cfdbfcb 100.0
2700655 1516345694670 1516348395325 543ad2f58cb6269f76dab7cc9e72b5a66583c55b 100.0
2701907 1516345695357 1516348397264 f61a2917ab4444daddc033fc7d4a9ea09a458c57 100.0
2739321 1516345695710 1516348435031 ba216b12b7fcd4b4b67aa07f370fc98d94e89b7c 100.0
3134327 1516345696046 1516348830373 4a4acfb20bf74f877d5f37b95a8feba007099fbf 100.0
2790518 1516345697664 1516348488182 8f5ca4473f6f6a754edcec1f418867a9757eee11 100.0
2715247 1516345697725 1516348412972 74c4e7d8bcec1a7e542cd1d58a9b0b2a53cb2721 100.0
2710027 1516345699392 1516348409419 6c98439167a5234ed6672d61963f5104449860d1 100.0
2709800 1516345699619 1516348409419 6c98439167a5234ed6672d61963f5104449860d1 100.0
2705938 1516345700102 1516348406040 acb60c3af60074b0652059b5ab8dbdf600b3dae8 100.0
2770883 1516345702572 1516348473455 ad07a55939e1145469ac0f084e49070c1b937e91 100.0
2747783 1516345702875 1516348450658 8ef2948f115bbdea0aab37d149ff94a00de6fb55 100.0
3046402 1516345703307 1516348749709 30627148bfda65ff555f81369abce0a4ccd4d95e 100.0
2745898 1516345703343 1516348449241 9dd2d62a690f1ae29566e97331df969ae4c920ff 100.0
3121838 1516345704569 1516348826407 6921c6c83dc0b65f5a0f6331dad0f5a959bd5e85 100.0
2735019 1516345705417 1516348440436 c5d0a2b278dcd2f9599d877c5e2ae6f1104c19b1 100.0
2735090 1516345705749 1516348440839 b24174ba9c34c8702e8c30ac61419da803aa3fc8 100.0
2788932 1516345705935 1516348494867 388eb76f8aa2691293ad806bffcf0ac854d30937 100.0
2702721 1516345707399 1516348410120 87f52f7902fe31383ac70818a5fdc8b2f28c11c1 100.0
2702711 1516345707409 1516348410120 87f52f7902fe31383ac70818a5fdc8b2f28c11c1 100.0
3589027 1516345708008 1516349297035 8a87cf5e6dba991ecff8a626aea87122472c4ab1 100.0
2703088 1516345709223 1516348412311 d47c5c728a5cc4ec6c305d74ce63e71cdc6329af 100.0
2703085 1516345709226 1516348412311 d47c5c728a5cc4ec6c305d74ce63e71cdc6329af 100.0
3593533 1516345712012 1516349305545 54222ffb9031d72edfc225efe2519009448905a0 100.0
2749508 1516345714301 1516348463809 012acfd77d51a59b1e0ff45d61920b5f8fcdbf19 100.0
2721035 1516345715286 1516348436321 afab9d642a33a1d179131e9de306ad84048b6725 100.0
3599221 1516345716869 1516349316090 519a5fe211f131bb66e0d565b9e82a489f1892b0 100.0
2851796 1516345717244 1516348569040 ee64bea9aa6b6e5bd5dde369d71c6cbae0fd2f72 100.0
2722316 1516345717591 1516348439907 93f392019e00a3cf161a9a0135a1874c6738d928 100.0
2860357 1516345718765 1516348579122 52a818a5d258660340864f7e4c6600d6d956f187 100.0
2754477 1516345730871 1516348485348 8828a1eb21123eb9444ea717601d11e5bdac986f 100.0
2786249 1516345730975 1516348517224 500cdefa25d1aed921eef9b0f22e0bf94b8faea4 100.0
2707565 1516345732912 1516348440477 31c91999e6e71577d9bdc270418e53dfd0a249f6 100.0
3000291 1516345733016 1516348733307 3cbda8f8fa5a8cc42f8773fbbd80d53243df911e 100.0
2700848 1516345748457 1516348449305 1306c4f60e1aac947646ceffd729620adea389a5 100.0
2812838 1516345759598 1516348572436 63356bea410cb7fcf159d9f470fd8616abd711ca 100.0
2812837 1516345759599 1516348572436 63356bea410cb7fcf159d9f470fd8616abd711ca 100.0
2703389 1516345760422 1516348463811 f9838bc478b622e62c4409f63a071772952ffe6c 100.0
2891179 1516345760572 1516348651751 1cac921f18eaa59836f52307304d67e2daa01271 100.0
2736139 1516345763401 1516348499540 a953aeef50e1970798dc6d6d4d5b3b100be4869c 100.0
2753700 1516345764434 1516348518134 163fa419fad44cb183cbda8fd4eff90023025a4c 100.0
2712861 1516345765554 1516348478415 6209baccbc4416ec3f9a4d21caf2cb31c39f30f7 100.0
2807538 1516345766714 1516348574252 1490d5ca2c2e02e4921abc294212e37610365555 100.0
2702803 1516345770170 1516348472973 17e72ffbd6bcba2ea93553090ddfb1decc605d7e 100.0
2797669 1516345770257 1516348567926 f1dc8a917abbb6cd92d4a6f673a8656aa22cf477 100.0
2711604 1516345771305 1516348482909 2281db7010aa381d53dedff47f8f7f5b2a3c785e 100.0
2714617 1516345772089 1516348486706 bc51fec8d7b5443656b49141561a8d566913cc7c 100.0
2714610 1516345772096 1516348486706 bc51fec8d7b5443656b49141561a8d566913cc7c 100.0
2701031 1516345772171 1516348473202 b616f07aba6f5b42ce9325088c337c7d00a7f649 100.0
2701025 1516345772177 1516348473202 b616f07aba6f5b42ce9325088c337c7d00a7f649 100.0
2708785 1516345773846 1516348482631 7b2a485d84d732ce016df60ecf67ab4805155da0 100.0
2779670 1516345774860 1516348554530 0a36a1dc5ccbcc96a33f490112d650492ef27f51 100.0
2700273 1516345774872 1516348475145 1aff405dc93bde7a59cadf39f5e0c6c49b6f8736 100.0
2700272 1516345774873 1516348475145 1aff405dc93bde7a59cadf39f5e0c6c49b6f8736 100.0
2700271 1516345774874 1516348475145 1aff405dc93bde7a59cadf39f5e0c6c49b6f8736 100.0
2718850 1516345775623 1516348494473 dd12fb2c94dd96fb96f334b4e69b6f328bff072b 100.0
2701214 1516345776194 1516348477408 d14c72a9457036ed7a9293fa03fac8cfab2c3819 100.0
2710154 1516345777785 1516348487939 5983cfe6df033c6a2e98638bd4800005a9c61e3b 100.0
2709968 1516345777971 1516348487939 5983cfe6df033c6a2e98638bd4800005a9c61e3b 100.0
3472197 1516345778255 1516349250452 f6f8f4160a213013246e00ee086e7f522dc18307 100.0
2707262 1516345778384 1516348485646 9399d512e0e90db4fab9978c27a12de4c612d68d 100.0
2708330 1516345778423 1516348486753 3a4252f95f3f3e98f5276dbe0af4458cb853e934 100.0
2708291 1516345778462 1516348486753 3a4252f95f3f3e98f5276dbe0af4458cb853e934 100.0
2719506 1516345779606 1516348499112 b47f5202a25b1ff45b8a4302891c9d1c48fd0bc0 100.0
3063834 1516345779788 1516348843622 518f6b55585aa1497ef4352ea25b2e9e98b6a0ad 100.0
3063670 1516345779952 1516348843622 518f6b55585aa1497ef4352ea25b2e9e98b6a0ad 100.0
3594736 1516345780149 1516349374885 fe19b416d79234bfce4ca28ffc452d8c856a2499 100.0
2799534 1516345781120 1516348580654 36a3a5764e478d572bb5ad04bf595cf10426dd86 100.0
2702259 1516345782680 1516348484939 0be2e07c55c274cc41f5fe9833779d0488bb5c2d 100.0
2702180 1516345782759 1516348484939 0be2e07c55c274cc41f5fe9833779d0488bb5c2d 100.0
2701918 1516345783021 1516348484939 0be2e07c55c274cc41f5fe9833779d0488bb5c2d 100.0
2883410 1516345783604 1516348667014 c871500c548903a4c70d6adb2d6949be10acfb9a 100.0
2706249 1516345783720 1516348489969 f1983290308c836bfc21d8a0c1087e36ae97ae89 100.0
2760992 1516345785467 1516348546459 7a06bf5ee57da499ac62a969139e2b11422fc029 100.0
3427370 1516345785403 1516349212773 54c353766763ca90a5a3c8e830e7a0a6b3d3bf53 100.0
3598350 1516345788570 1516349386920 2af8e141ef2d31a17c64f0a252fcbab848def30b 100.0
2817660 1516345789530 1516348607190 10de018e1b2414230310935ae12204761fcd4d0c 100.0
2842653 1516345790129 1516348632782 1cfb9dc689fc130df4f798b498ad2db9cc7f9b67 100.0
2780211 1516345790134 1516348570345 a6984dc021e0c9b6f58a8f600750e775041c51cb 100.0
2714227 1516345793065 1516348507292 edad4825684e07552689c98b590fe6be34fdb2fd 100.0
2850410 1516345816714 1516348667124 ba77d9547e1f8ca1ab052759e266f04df9d95c04 100.0
2752848 1516345816878 1516348569726 35e98631ca44ff91cf3b1fcec5322b2ff45d0f56 100.0
2883467 1516345816910 1516348700377 6adea60102f539b95906badc6f3161f31fb437d8 100.0
2766767 1516345817086 1516348583853 d9290a745d9a277026124b975d92a8d31935def0 100.0
2952008 1516345817253 1516348769261 5de09f869c61e8d6ee6540704c481c9a7b033eff 100.0
2713724 1516345817635 1516348531359 0e1d25ec5af69b52bfe708e4e631fd054ad2d56c 100.0
2749491 1516345818869 1516348568360 a0d726ddc95986cd79bb941854e959963152d0cf 100.0
3583577 1516345819728 1516349403305 edad4825684e07552689c98b590fe6be34fdb2fd 100.0
2714068 1516345821946 1516348536014 754c664c9e3f386d1dcde565e60b0701dad10530 100.0
2714053 1516345821961 1516348536014 754c664c9e3f386d1dcde565e60b0701dad10530 100.0
3473702 1516345822627 1516349296329 249b14474b84c52440999aa84748cedbf01155dd 100.0
2927092 1516345824027 1516348751119 1599c8fb180d0d36654c67d3d5c5dec11ee9d4f9 100.0
2769475 1516345824889 1516348594364 d32e793c966cf708b422ac1ceb2c4fc17c543ca8 100.0
3001160 1516345828783 1516348829943 c6a3cc7497035047a29abfe98bdf2784be4f8e87 100.0
2764934 1516345829123 1516348594057 85d4474583658113cea7b356db39de24daad48fd 100.0
2722683 1516345829683 1516348552366 d31556c934bc2ee548dfa7df4f946d280f9b921b 100.0
2708838 1516345833072 1516348541910 6c9a2d705530ed1ac23f9253cf249fd9b2b5eb95 100.0
2706663 1516345835062 1516348541725 1eebd6670f71d5de8372053ae155b493a569a168 100.0
2706661 1516345835064 1516348541725 1eebd6670f71d5de8372053ae155b493a569a168 100.0
3564020 1516345836077 1516349400097 582342848cb1575797f686e05dcbe03be797649f 100.0
2828905 1516345837483 1516348666388 42c1a287463b2232a173978793177a9ff7ae81ca 100.0
2786501 1516345838956 1516348625457 11b8836de83c554295c5d96ac0dc8b01b6f86a27 100.0
2729722 1516345838984 1516348568706 51e9e8a676b98377e70a5488477761153363b0d4 100.0
2995859 1516345842189 1516348838048 9702e0aef8c1b70d20976d15dd3dbc1b542f5f18 100.0
2706615 1516345842979 1516348549594 45718ae88dc8cca49c0b444cd7a2a4bb0441b8c0 100.0
2709895 1516345845444 1516348555339 2469476053e59de2adf8ae24761664d2a4c0dff3 100.0
2709894 1516345845445 1516348555339 2469476053e59de2adf8ae24761664d2a4c0dff3 100.0
2710470 1516345849596 1516348560066 e9601036f86b28ab0bb51536b3311a7e1e442b44 100.0
2729368 1516345851058 1516348580426 a2a0aa3fb2d59c5f33c8df3bfd906d6eb4698bec 100.0
2720860 1516345853897 1516348574757 b095775aa80720fd071a585ea963709a0c402a23 100.0
2737053 1516345856258 1516348593311 6b1f1c8fba91a52d1f8e658938b520f456b99532 100.0
2736990 1516345858373 1516348595363 836778ace4cd1e7cdf12756bc070c86d44b6c13c 100.0
2710970 1516345859832 1516348570802 41eb85234253b4a2513244715e62d99f2483a432 100.0
2705436 1516345859975 1516348565411 bd98c9001fc17456433241b7f1eccea625617249 100.0
3165372 1516345862011 1516349027383 1d01d5e2da497e04c797e31d894362c3dfd58012 100.0
2801634 1516345865216 1516348666850 887643ca5ddaefa4fe52bb282e46302040b7e729 100.0
2744995 1516345866384 1516348611379 ac7e70fd0468e71cfe44d689c7b3daa0776422cf 100.0
2799882 1516345867051 1516348666933 654d2c7658c89cb8ea77f6875baa662e8f83f288 100.0
2799875 1516345867058 1516348666933 654d2c7658c89cb8ea77f6875baa662e8f83f288 100.0
2799865 1516345867068 1516348666933 654d2c7658c89cb8ea77f6875baa662e8f83f288 100.0
2724746 1516345867981 1516348592727 3ab8bb6d5ce3ba890bb0a34d51e3065488347c5c 100.0
2754094 1516345869805 1516348623899 a825071ee0a4c5df89ffce1c75780a4c17dc9ce2 100.0
2747778 1516345870521 1516348618299 bc279e039ff1fe998bd3baa0b66219bca70cc238 100.0
2709293 1516345871115 1516348580408 9a1283136a9a45767eec1c454c6405715f4cc57a 100.0
2719281 1516345872173 1516348591454 e6aec64300d0a011250d155469fd700f4bd2a42e 100.0
2711628 1516345872178 1516348583806 0b0e2335e1d5cceee2d9e2f1bb1e0065bb6d56fb 100.0
2704462 1516345872924 1516348577386 2fb372081d5812027a27d47436023dd13d15b6c1 100.0
2735833 1516345873324 1516348609157 255133b83ecff952dddec722342b1db21e844312 100.0
2708304 1516345873358 1516348581662 951b70760e8608209e6141cd7a1ed056a81f1d27 100.0
2708930 1516345873602 1516348582532 79dae3337784065ac724c5bafd0393756a0beb04 100.0
2711183 1516345875214 1516348586397 3a76d924e40d761089c7fe4e347a39b276433057 100.0
3599937 1516345895573 1516349495510 8c265bcfdd26dc31148475ea6be8a84b6ed1400c 100.0
3596751 1516345895573 1516349492324 28baacb21e404508e59afba9287614aab7054b0b 100.0
3599313 1516345896067 1516349495380 3cb0bbf9bd766724c39e56ca4a83bf7f2e10ef23 100.0
2704016 1516345904660 1516348608676 7570d3b22ce9cd7f705f95177d988f94ff8adb3f 100.0
2704844 1516345905146 1516348609990 ec6a2798994c5058a8ce6946eb5264883ade2884 100.0
2704843 1516345905147 1516348609990 ec6a2798994c5058a8ce6946eb5264883ade2884 100.0
2776543 1516345905615 1516348682158 d6de37fb3562f75d2e7c2345139e834478322399 100.0
3014499 1516345905674 1516348920173 283a504634605799428083d3769eab6e3732f5de 100.0
2782527 1516345906037 1516348688564 2ca0d93a9e81c415bb20c74367d9e49a406128e6 100.0
2713317 1516345906804 1516348620121 4b5156683b32f43a97e801c7dcc9ac3c09634258 100.0
2728559 1516345907134 1516348635693 934f9aaf2b4342f86ea90bcfbce4a8ca9fe3ae25 100.0
2729025 1516345907531 1516348636556 18ed7c44779b0893137e8fcb52c76489861c1a1d 100.0
2729023 1516345907533 1516348636556 18ed7c44779b0893137e8fcb52c76489861c1a1d 100.0
2709363 1516345909555 1516348618918 d04e8607e09f33914df0cc3575a41408208bc668 100.0
3584227 1516345911241 1516349495468 4cb4280264359bd1d129a084dd560044a722e2ea 100.0
3582839 1516345911313 1516349494152 576cb50c05ce58b1d46d77bef524b142e26dedb3 100.0
3578541 1516345915592 1516349494133 ca5457bc7b9c8a5a150dba56c5e1ac5cb2d79e23 100.0
2820231 1516345917074 1516348737305 b39934ec0f8c24fec198881ada12faea31fde4e5 100.0
2701450 1516345917444 1516348618894 3dbebb0293a9a0cceb2f8b6cdca25d6e1e341500 100.0
2712074 1516345917479 1516348629553 0e46a4e8fa1f324392f257f9c13a64f08bb3b8b1 100.0
2716181 1516345917853 1516348634034 d9e643bccace3d7a0f5f4e18333781021c5a532d 100.0
2719164 1516345918330 1516348637494 360fe0923b9083464d2ea5661b70b9f20c3f0f10 100.0
2825723 1516345925182 1516348750905 d9a60f61d035d76c7f09ceecf7f308b086a01300 100.0
2749550 1516345927804 1516348677354 cfab40712e95484a6af210a849a7d41690dc9dc4 100.0
3565911 1516345928231 1516349494142 6aeadb003b7c37742a85fbd0fd7edb9e5bf9e597 100.0
2736762 1516345929314 1516348666076 8aafd634294eea83e9410a5f7e39d71cb3eca145 100.0
2786896 1516345930691 1516348717587 2d0558d5ca991f5f4ab356243bb9ff9da23fb3cd 100.0
3563331 1516345930798 1516349494129 23dcc3e3d49e8a82051dbc7730aaaf2923dfb4d7 100.0
3563330 1516345930799 1516349494129 23dcc3e3d49e8a82051dbc7730aaaf2923dfb4d7 100.0
3563330 1516345930799 1516349494129 23dcc3e3d49e8a82051dbc7730aaaf2923dfb4d7 100.0
2749976 1516345930962 1516348680938 0b809db77f8f02622f1695ca4fc9d88cb8cf7883 100.0
2719999 1516345931454 1516348651453 8088b310dda99a5292c1af6bfd3405347f4936a6 100.0
2739434 1516345934437 1516348673871 5d85d4d8485ee718f16fd260742eef1e7c019232 100.0
2735471 1516345935033 1516348670504 64d4c63bf5a0864ad0c0bf4bbff0ad6eca18dc69 100.0
3374557 1516345935852 1516349310409 9a0d8c1185be01f6ffbd950488a5ab48de5cac40 100.0
2702971 1516345936382 1516348639353 1383de1c7593944f2ed506886e6925a096177eac 100.0
2702969 1516345936384 1516348639353 1383de1c7593944f2ed506886e6925a096177eac 100.0
2702969 1516345936384 1516348639353 1383de1c7593944f2ed506886e6925a096177eac 100.0
3558225 1516345937158 1516349495383 dd823b4bb47635008ef8e84d2ee5d308f15a0f1e 100.0
2717202 1516345940938 1516348658140 ae3432932e2503d7393cbd46dcd8dd6e30b6bcc4 100.0
3553843 1516345941614 1516349495457 556d9cbfef3a3e9f4fa337613947bf3ba1ada26e 100.0
2888419 1516345941918 1516348830337 6010a65877c1193fb2e5d419169d49b74e7231bc 100.0
2716335 1516345942360 1516348658695 5956c2efbeeacb66b27d50530e5d973597d074d3 100.0
2716333 1516345942362 1516348658695 5956c2efbeeacb66b27d50530e5d973597d074d3 100.0
2724271 1516345942778 1516348667049 8797e028b1eb597b9ea1921f142dac94cda70094 100.0
2789051 1516345943737 1516348732788 b0bd7d187927db28913c5e5c53da1bd35201135a 100.0
2789970 1516345944587 1516348734557 a45bf862c900eebb15cbfe4efa5962bca1c92db1 100.0
2706023 1516345944803 1516348650826 88466c230514b20d86d8d629747e96d9073ce0df 100.0
2706022 1516345944804 1516348650826 88466c230514b20d86d8d629747e96d9073ce0df 100.0
2701086 1516345945545 1516348646631 bf96149e2ab4560e1554560193df4936a8563bc8 100.0
2795904 1516345945578 1516348741482 295deafecefbb0c1a78ca13f7770e5669197a7d1 100.0
2715389 1516345945839 1516348661228 d3b6830edaf1cba77b668b171f1c6d6f9058d4fe 100.0
2797525 1516345947516 1516348745041 b69c865d625e81f174cd21da5623b1a49bb02d40 100.0
2763131 1516345948716 1516348711847 7f971fa7a22c43afe0428170e94a536e854913a4 100.0
2706206 1516345952853 1516348659059 5589152618c11a920a80281f67f4bbc41a6eafe6 100.0
2811655 1516345953603 1516348765258 0ccdd6424b87e8275a00ea97e06d6eda333c6326 100.0
2705928 1516345953824 1516348659752 c771100d949ad3616669d850009abde7ae2a2399 100.0
2714522 1516345954397 1516348668919 aa9a681d5e3c82aac5b988daa1f5794c6405d8c5 100.0
2703928 1516345954864 1516348658792 faa3cb588d8c8384aa3522153c0544740ddd13df 100.0
2703925 1516345954867 1516348658792 faa3cb588d8c8384aa3522153c0544740ddd13df 100.0
2700506 1516345955035 1516348655541 e66851047a8c3809d7fb5e52bad903d41c224def 100.0
2700500 1516345955041 1516348655541 e66851047a8c3809d7fb5e52bad903d41c224def 100.0
2700464 1516345955077 1516348655541 e66851047a8c3809d7fb5e52bad903d41c224def 100.0
2705617 1516345957746 1516348663363 da119f4badf55f17d00dacdcd0c925cd6fb167d9 100.0
2787382 1516345958206 1516348745588 fb30cae66dbd9dd6750dce57e0ba8edcc43a1d8e 100.0
2744626 1516345958701 1516348703327 31145fea4b85d46f2cd6937d0cf3f1cff4861052 100.0
2712927 1516345960408 1516348673335 4a292a0d2ba1cac43b35dbb68c440184e0d03527 100.0
2712901 1516345960434 1516348673335 4a292a0d2ba1cac43b35dbb68c440184e0d03527 100.0
2710844 1516345961964 1516348672808 6af8887661bdfa167de28419a4af664fbb9fcd05 100.0
2712349 1516345962708 1516348675057 1072fb2a2dda6dc9278e2cf85fcb8484b2c8b154 100.0
2712349 1516345962708 1516348675057 1072fb2a2dda6dc9278e2cf85fcb8484b2c8b154 100.0
2703676 1516345962795 1516348666471 3e79f06eeccff08100d39f328d683c964b10e6ee 100.0
2703676 1516345962795 1516348666471 3e79f06eeccff08100d39f328d683c964b10e6ee 100.0
2727481 1516345963318 1516348690799 d9378968a53445ade79953454f9e943b7fc41eab 100.0
2714249 1516345991316 1516348705565 cc2233ee5d19d12dfb7207ed4699f04c9e04e6fa 100.0
2742967 1516345991720 1516348734687 af88074e56d4e657a653f87f1b342c724e90e72a 100.0
2792734 1516345994198 1516348786932 7d3f5176a5ccca3be804a2b24a4f49b860f7aa9a 100.0
3218103 1516345994635 1516349212738 1a8ed45f813acdeb8d88003dc8ac2847e21d7e15 100.0
2713385 1516345995393 1516348708778 362e440d8e9e393b139a65996040e221b4291722 100.0
2775618 1516345997176 1516348772794 fdfbaae18d7436f003106366abb5c3f84baffb82 100.0
2713487 1516345997490 1516348710977 9700a5e4bb32f8c213748de30b1943dbfd737fe7 100.0
2716183 1516345998174 1516348714357 85867fc1f8a5eb425f00bc77facb94a098f84e3e 100.0
2761715 1516346001516 1516348763231 154cf7dc94979f724f8c1692f4e46a0c7f1d9094 100.0
2704927 1516346005365 1516348710292 095e4798142363d990b12007b5776d383a549e1d 100.0
2704926 1516346005366 1516348710292 095e4798142363d990b12007b5776d383a549e1d 100.0
2746438 1516346005809 1516348752247 432f0fb5ff961002c8571e46acc23c216c06dc51 100.0
2915643 1516346006983 1516348922626 b11cc437863d0a8871a67c689302e93304b90d40 100.0
2743266 1516346008987 1516348752253 ea215627be9357946599501b50c21117bca21c07 100.0
2746097 1516346009004 1516348755101 36066423439620e067beb4b0f36dac772ec0c399 100.0
2824363 1516346012295 1516348836658 008b0adff7daf86c450f44340729e3038f707a4a 100.0
2780307 1516346012986 1516348793293 15b7f3a60b5fa092cc7454af15c60a7d0a4c03e8 100.0
2758306 1516346013325 1516348771631 30541d1efcfe402bb668554d11dd9e2f2d224b85 100.0
2707826 1516346013362 1516348721188 e8a18f7d9efec8af8e8a673aef55c166c5009c34 100.0
2759919 1516346014546 1516348774465 9be131861e947110b1764ee6a276dac1192fdf8c 100.0
2754842 1516346016297 1516348771139 81282fdf0e69d31c8dccb2e32618118f4341e338 100.0
2723077 1516346017009 1516348740086 7ed46101b8e8b0a1b26490335fea71bdee6245a2 100.0
2702031 1516346019365 1516348721396 4231dcca9e5631be55c5961616bc3d814c081159 100.0
2736478 1516346020352 1516348756830 fd7577ec9c377d7e3013c92d078848e62d5fe4e7 100.0
2826981 1516346020389 1516348847370 b9cb4cb6ef8cf3d92892f425d9a95e9791102ec1 100.0
2704308 1516346020582 1516348724890 44219eaaa73ee69a9c2630778d477b6aeccac9d2 100.0
2738047 1516346022489 1516348760536 20e4e459688cc67759b3b92436358acbd13aa363 100.0
2705507 1516346022849 1516348728356 0c63bee3b4663b32a897ad8b1819049037c89e35 100.0
2705500 1516346022856 1516348728356 0c63bee3b4663b32a897ad8b1819049037c89e35 100.0
2739827 1516346030073 1516348769900 97a103152ff603899bd385114f4548e77787add6 100.0
2902494 1516346034076 1516348936570 341c3122fe5e9c2af209bc7625db937c7d4adc1b 100.0
2714944 1516346035984 1516348750928 bd3cb1f140d1ab006a4a6a04bab633879d3f445b 100.0
2710858 1516346036096 1516348746954 1a571c587c3628a488b7877e55c165b713da66b9 100.0
2703751 1516346036119 1516348739870 a52c0561c1b5560e174fd8d58ca4af3adc232bb2 100.0
2744667 1516346037324 1516348781991 e9cb3797e6cbdb50de6acf08d902d5592e98e799 100.0
3094760 1516346037651 1516349132411 8a9a2037c623f217bdd4973b4eff3df9c6f3543b 100.0
2705194 1516346037716 1516348742910 3894a2eacb813a4fac5999387eebf3d79ca955b3 100.0
2727816 1516346040850 1516348768666 790a4f884db222a8c1c4ce6ba15208d51db129ac 100.0
2710269 1516346041337 1516348751606 9459087085f3864ec38c8c985649bcc8c1aa6aad 100.0
2714059 1516346045432 1516348759491 24eaf4e11f95aa10d71bd3cab6e134aa721fd13b 100.0
2723529 1516346046416 1516348769945 4ea71af20ecc62a63cbda8b5159e20dff201baa6 100.0
2705484 1516346064461 1516348769945 4ea71af20ecc62a63cbda8b5159e20dff201baa6 100.0
2702084 1516346076386 1516348778470 387eb6a05e7f014684da9f874497c41055ecd505 100.0
2702021 1516346076449 1516348778470 387eb6a05e7f014684da9f874497c41055ecd505 100.0
2701943 1516346076527 1516348778470 387eb6a05e7f014684da9f874497c41055ecd505 100.0
2711715 1516346077491 1516348789206 b406941e42b0ca7d38ee8874e21d57b73a526ac4 100.0
2713018 1516346079157 1516348792175 39059a243e480e25053875686bb7e298faefb8ef 100.0
2701307 1516346079531 1516348780838 795a801dd2843750271148323eeb6f4004673dba 100.0
2701607 1516346079569 1516348781176 a03d9f931783b17ce7ac59610b7f5ab0d8d604bb 100.0
2701173 1516346079665 1516348780838 795a801dd2843750271148323eeb6f4004673dba 100.0
2728937 1516346080330 1516348809267 8a072da8df04b3219d6deb0b4819ada202b0b020 100.0
2761693 1516346080981 1516348842674 fea138e6a3760ee9fe45ef51c387ce0e5cf65e0f 100.0
2701359 1516346081322 1516348782681 e69ae3487b74373a26b6d5df12f8bdfccef94ad3 100.0
2701170 1516346081511 1516348782681 e69ae3487b74373a26b6d5df12f8bdfccef94ad3 100.0
3038978 1516346083884 1516349122862 3c684d609b93f7f922ab2cdfcfe624b87d92bd61 100.0
2751120 1516346085623 1516348836743 4382045a2f8071f34f914ca21c5181ca0c458d13 100.0
2709806 1516346087803 1516348797609 564491ecfdb83a78dc0673416b8b0659946a86bf 100.0
2702098 1516346091180 1516348793278 30d5562f052359ad4c576e9c6b1f4adb319daa9d 100.0
2760880 1516346091222 1516348852102 769c79a51d41a3693c1014cc4432b4ed8f5b9d4b 100.0
2732062 1516346094191 1516348826253 aee5fdc35581013b1953bf0eb1ec7a31838d7403 100.0
2793586 1516346094253 1516348887839 037cacf14cb4ec1ce8c853fd5a2e53bd55f1085b 100.0
2793584 1516346094255 1516348887839 037cacf14cb4ec1ce8c853fd5a2e53bd55f1085b 100.0
3000914 1516346104849 1516349105763 3455511978f727d6c17cac08405966fcbd0c2b41 100.0
3290472 1516346105053 1516349395525 774606c79cd9a6d06e58c23ed5b4117383a33026 100.0
2707209 1516346106410 1516348813619 a5c66df33e9a100db30354b45bfd76889d2e5579 100.0
2707209 1516346106410 1516348813619 a5c66df33e9a100db30354b45bfd76889d2e5579 100.0
2725611 1516346107133 1516348832744 ea7399f80df4bbd9d1188d763fd5f8d40b508276 100.0
2726410 1516346107151 1516348833561 73cbbdaf93f59b812cedaaaec0966b21ef03452c 100.0
2742993 1516346107958 1516348850951 b687cf0af39b2751b1265c8d1cdd26670fc7b20b 100.0
2718456 1516346108364 1516348826820 de1de06250f345e1175056218d2805a77f696925 100.0
2717958 1516346109864 1516348827822 e2b8f9dac69399e5277eb83091f68848bc4c9127 100.0
