2939834 1516345727459 1516348667293 8398f50de71bebe74d476dbfaa2f7af51cfc8ecc 100.0
2765138 1516345727871 1516348493009 6cf5066d45c2f161b31f115cec1ed61ae62554db 100.0
2777081 1516345729634 1516348506715 61bb41ace9657a7ce75944f1a9f3cff4e5b39797 100.0
2700016 1516345737621 1516348437637 73440a492d2328b5f2373cdb6089680cb1a19399 100.0
2713378 1516345737940 1516348451318 468e7fa1ab7af5f729baf3b181ca88248890d02b 100.0
2719122 1516345739264 1516348458386 19dc55666b3d6cde3413b10510e92b12c82d3622 100.0
2719116 1516345739270 1516348458386 19dc55666b3d6cde3413b10510e92b12c82d3622 100.0
2758592 1516345739323 1516348497915 355e90a5dfb21846528408b27eba20a70cea123f 100.0
2705729 1516345740282 1516348446011 51e8516a7cb8af5e53196e6e6a1cbdf9ee82c98d 100.0
2705728 1516345740283 1516348446011 51e8516a7cb8af5e53196e6e6a1cbdf9ee82c98d 100.0
2752737 1516345741021 1516348493758 d48f475d7a636ae31669eb734c437043f14df7f3 100.0
3470303 1516345742396 1516349212699 3b4b886566cb20a17a28f7e0b97c8190d7534ac8 100.0
2947890 1516345742626 1516348690516 90aab7e9e9679e9006799f8aa6f078ab70acd47c 100.0
2795891 1516345744711 1516348540602 cd8f4a5453316c6178e5fcbb0d44930615f12650 100.0
2819095 1516345748312 1516348567407 450633fabdc543625e1d277f437bcc5d3bc08713 100.0
2700844 1516345748461 1516348449305 1306c4f60e1aac947646ceffd729620adea389a5 100.0
2710723 1516345749297 1516348460020 e900b0c9cb85928ab2ab052bff88e406588e3e59 100.0
2709619 1516345751503 1516348461122 cdf1fc9ec98ad13bb6e399c752c54d840b0af6ce 100.0
2729383 1516345753522 1516348482905 5533248b5791d5e70e592bcbfa717e3538f07606 100.0
2766141 1516345754290 1516348520431 e7cbfd28c0b8052256bc7606079880abe3a94c09 100.0
2995915 1516345755238 1516348751153 5a7c54a43e511e266f2e24579dc59f95c9ae82e9 100.0
2995422 1516345755439 1516348750861 f25b4d5e364df5d3c9e8dcfeaf0f8c1350dfce27 100.0
2768715 1516345756420 1516348525135 4724357741217d5a00c77abc8eb2d5f0c1825919 100.0
2978168 1516345773016 1516348751184 248312f8d7c072dd5c6269e2be1da86fd255587b 100.0
2702346 1516345773752 1516348476098 dfd22e9e8fc074e990abc2bf04995493b2d9f35b 100.0
2708793 1516345773838 1516348482631 7b2a485d84d732ce016df60ecf67ab4805155da0 100.0
2779662 1516345774868 1516348554530 0a36a1dc5ccbcc96a33f490112d650492ef27f51 100.0
2700267 1516345774878 1516348475145 1aff405dc93bde7a59cadf39f5e0c6c49b6f8736 100.0
2700266 1516345774879 1516348475145 1aff405dc93bde7a59cadf39f5e0c6c49b6f8736 100.0
2744925 1516345775535 1516348520460 aef6c03a42a90ebf5ae08ea821901565f2aff763 100.0
2754204 1516345776672 1516348530876 ed02f547b2df1dc1cb28a0f1ebbe788d0a0d9e13 100.0
2709493 1516345787875 1516348497368 e9a237d7f8c5e8bcf0712a8fd24cd752a0698788 100.0
3055529 1516345788055 1516348843584 b4b120048069692c9fe0f6fbcb5637bdb05701af 100.0
2838179 1516345788125 1516348626304 75d73af70fe058e157b56d6c258f4e5100b5a939 100.0
2716798 1516345796824 1516348513622 8c098e6cc62a9791fa64bdd157812396c97d4428 100.0
3519791 1516345797289 1516349317080 35a9fed50dc0c096f0325ed7c5b42c6a816382f2 100.0
2718774 1516345797753 1516348516527 0dea1fe9982ff6725592f4fd3c8f3c23be30c57e 100.0
3512320 1516345797809 1516349310129 903a8e85d2ad6564535716d669b81c1670914f82 100.0
3499378 1516345797968 1516349297346 cc30b5ba4821284674ecb50cdf40ed6ba4b57563 100.0
3416893 1516345798436 1516349215329 dc38625890d0f3246d825ecf4e00e86c6b82ff41 100.0
2718325 1516345799431 1516348517756 2a4e880cd25b6f978f086d57f8274681ffad3052 100.0
2718324 1516345799432 1516348517756 2a4e880cd25b6f978f086d57f8274681ffad3052 100.0
3525018 1516345799598 1516349324616 aa4937c13ac1adf44abce51487b1ccb6fbdf0fdf 100.0
2700447 1516345799642 1516348500089 a8b505040dddd054301e021c4b27499f5aed0ff7 100.0
2722604 1516345801957 1516348524561 0ce98fcf8377c2b53710a96dde5386cb5ae96886 100.0
2708452 1516345802815 1516348511267 a7483722e0fd87be2196ecbd14670ea083d89970 100.0
2701440 1516345804344 1516348505784 a3438bf720259d1ec1e4bfd41a573788b5a42712 100.0
3310114 1516345805136 1516349115250 e45efd2bab6e55ab4d52cc766897b4d734d5fd68 100.0
2707937 1516345806472 1516348514409 e6861aabb89b921dc3137c8f7fee964ae1b505fb 100.0
2713740 1516345807962 1516348521702 5c11ecfd4609338442be5621f0cc34a1f9ebc549 100.0
3030232 1516345809731 1516348839963 11d80410497ccd665233fd002a783178b8739464 100.0
2706421 1516345809794 1516348516215 19aee82f183c3447f769356a87f73714d568d998 100.0
2755904 1516345813304 1516348569208 c79d4e75903e2d27c4b5edea8f783a36e4f88d3b 100.0
2705638 1516345813826 1516348519464 8aef0890efe2f5b147094e88a2d4613e365813db 100.0
2713597 1516345814667 1516348528264 4c370e500be6820a006fe6abd8521fef98ce7196 100.0
2757730 1516345814714 1516348572444 81452de1d469cda29194dfd7e200d710b42132f6 100.0
2765577 1516345816314 1516348581891 ccbf5f885b78d59310bbc5874cd670b132235dbf 100.0
2752847 1516345816879 1516348569726 35e98631ca44ff91cf3b1fcec5322b2ff45d0f56 100.0
2705753 1516345819151 1516348524904 b88f70f93e254467371e8bebbd0f50022dcbb078 100.0
2709142 1516345820051 1516348529193 55e9845191a6229b849962ea1761f44723016429 100.0
2709181 1516345820455 1516348529636 68071b6374ed14b1acd435101ab149c18ea967b2 100.0
2731957 1516345821881 1516348553838 87849bd3c3bceff1540af02173003849a9ecacd2 100.0
2810225 1516345822591 1516348632816 d39c8add6ec85bc2abb252819341a53b957f95b9 100.0
3473699 1516345822630 1516349296329 249b14474b84c52440999aa84748cedbf01155dd 100.0
2769288 1516345823248 1516348592536 0103087f5d4da6cb32794c5b3110d7f53882d7d8 100.0
2705422 1516345823541 1516348528963 c584e317ba59ae3229d1cc22cc73f9583ef98300 100.0
2705421 1516345823542 1516348528963 c584e317ba59ae3229d1cc22cc73f9583ef98300 100.0
2927090 1516345824029 1516348751119 1599c8fb180d0d36654c67d3d5c5dec11ee9d4f9 100.0
2846296 1516345824273 1516348670569 249bfc28f99e3119923a3d9d806cfc659c8aeefa 100.0
2846296 1516345824273 1516348670569 249bfc28f99e3119923a3d9d806cfc659c8aeefa 100.0
2702755 1516345828907 1516348531662 01cf037725f50b01ac2626bfe61f8cd9c7bb6221 100.0
3382518 1516345830280 1516349212798 7a65ae4121c945b4172f77e663016cb38f8f5ad9 100.0
2712657 1516345831542 1516348544199 704b0d7f7a47e4e15bbe6f5bd9ea14a6025885e3 100.0
2717605 1516345832231 1516348549836 04f76396abfd105483ff74aa5e3d9c1bb6d2e02f 100.0
3002873 1516345834507 1516348837380 d8284f8bf2ec9f3c14afed7a28dbb6532302e1eb 100.0
2706746 1516345834938 1516348541684 3ed273778a0c49635b5db2b37cd22b063582a587 100.0
2706658 1516345835067 1516348541725 1eebd6670f71d5de8372053ae155b493a569a168 100.0
2706654 1516345835071 1516348541725 1eebd6670f71d5de8372053ae155b493a569a168 100.0
2830713 1516345836532 1516348667245 afbad54fc405d4f94592c8015a6e5c4bc9e623f6 100.0
2716252 1516345836805 1516348553057 f3ebfea5f097632d7d6db4edec912c58a1d9153c 100.0
2753874 1516345838429 1516348592303 abbd52c185db2076b205fffe99b4b3c075f149ab 100.0
2729740 1516345838966 1516348568706 51e9e8a676b98377e70a5488477761153363b0d4 100.0
2701571 1516345840135 1516348541706 7e0a1f94bbd5e8fdcd284d22eb528cf0ee1b93ff 100.0
2726065 1516345842295 1516348568360 26aa841722f58a92c04e1bd5648cd4756b6e6395 100.0
2706609 1516345842985 1516348549594 45718ae88dc8cca49c0b444cd7a2a4bb0441b8c0 100.0
2730349 1516345847728 1516348578077 4ebc82d1e6f98304f22fb38ffffb9db101309cd2 100.0
2730218 1516345847746 1516348577964 3aa5d578b22fa168514437656c698227b882837d 100.0
2735650 1516345848723 1516348584373 9e0dd63c4f3566a119474bd21b69b50197d91892 100.0
2710792 1516345851474 1516348562266 c700a86b2419784d24027ad1ff037e659cd916f7 100.0
3261093 1516345854543 1516349115636 c9ecf6f13dd8499ca69945ce74d5d7423b7db7e0 100.0
2708516 1516345855297 1516348563813 4b674c5c108c895df27ce984647dadd6f17f7935 100.0
2976013 1516345861364 1516348837377 4dc60d5ab1a6649996463adcdf9d2f30dafe0eea 100.0
2740951 1516345861989 1516348602940 73b2771035063b8404cbb64224895c28f568cc4c 100.0
2703444 1516345861994 1516348565438 7c3f58d618238013be2c171312d822f4c8399cde 100.0
2707251 1516345863880 1516348571131 30ee7b4ba886ef1e33117d65a690ff822821a549 100.0
2885844 1516345865272 1516348751116 b01005c3be3e8484a8e7e42333f5161ad411a58e 100.0
2745001 1516345866378 1516348611379 ac7e70fd0468e71cfe44d689c7b3daa0776422cf 100.0
2744989 1516345866390 1516348611379 ac7e70fd0468e71cfe44d689c7b3daa0776422cf 100.0
2778039 1516345871011 1516348649050 c268095e34b28fde2c89a4163a61c8221953da86 100.0
2711793 1516345872013 1516348583806 0b0e2335e1d5cceee2d9e2f1bb1e0065bb6d56fb 100.0
2758328 1516345872035 1516348630363 e54eb711285ccad880b6b65541fe05320cc148db 100.0
2719375 1516345872079 1516348591454 e6aec64300d0a011250d155469fd700f4bd2a42e 100.0
2719375 1516345872079 1516348591454 e6aec64300d0a011250d155469fd700f4bd2a42e 100.0
2708947 1516345873585 1516348582532 79dae3337784065ac724c5bafd0393756a0beb04 100.0
2708931 1516345873601 1516348582532 79dae3337784065ac724c5bafd0393756a0beb04 100.0
2798611 1516345874316 1516348672927 a7d6970df46d92856e9711ecc454c553441d1097 100.0
2765893 1516345890185 1516348656078 619e9bae2d734849bbcfbd3b67ae3acf82d86066 100.0
2717785 1516345890584 1516348608369 e191fdaeb59469eb8266202861b0ad3652575c8d 100.0
2737375 1516345898999 1516348636374 7b14df562d4864ca8f5bd8f442a4e6412949f445 100.0
2737360 1516345899014 1516348636374 7b14df562d4864ca8f5bd8f442a4e6412949f445 100.0
2708099 1516345899062 1516348607161 aeadddd7a8c20e12f4f683f862af70f992fedb41 100.0
2708081 1516345899080 1516348607161 aeadddd7a8c20e12f4f683f862af70f992fedb41 100.0
2708075 1516345899086 1516348607161 aeadddd7a8c20e12f4f683f862af70f992fedb41 100.0
2720766 1516345899158 1516348619924 1fc1179fab6d5e94cbe28673161b617d61bd97e6 100.0
2743030 1516345899604 1516348642634 aaa15e0ba7ef13f64982d8d99d155a236e8cd9f7 100.0
2721482 1516345900110 1516348621592 1d7a579891e2fce56b40e72f6531068d0c3d7b9f 100.0
2701323 1516345900260 1516348601583 005142ba76fd2efb597130fabc6c9c533ee1b807 100.0
2791438 1516345900358 1516348691796 3a3309f8e684163076d07756ffb98c915d5f6f5e 100.0
3208296 1516345900531 1516349108827 b6d9d1ac23c520a7a4d4688d2f1f1d4b2c7eac61 100.0
2715789 1516345901882 1516348617671 6141c8019d6342a68ed30c601ccf463a9383bd20 100.0
2715789 1516345901882 1516348617671 6141c8019d6342a68ed30c601ccf463a9383bd20 100.0
2746741 1516345902258 1516348648999 5673754041807b6dcba5c9c384627bee2b5a2903 100.0
2710035 1516345904635 1516348614670 b1c3a0dd4f821b2d6ee9ce568cfe316bb4e1b0a4 100.0
2702039 1516345904963 1516348607002 852946865788683c6d61b6399d06edc8f7cc1572 100.0
2726397 1516345904993 1516348631390 2700308ff93d6d9037a77a093f6a4a1cb8cbba7f 100.0
3588352 1516345907080 1516349495432 76b0e3e8c8a8c1de2c513d3a496d335e609fd4ed 100.0
2709361 1516345909557 1516348618918 d04e8607e09f33914df0cc3575a41408208bc668 100.0
2709349 1516345909569 1516348618918 d04e8607e09f33914df0cc3575a41408208bc668 100.0
3584223 1516345911245 1516349495468 4cb4280264359bd1d129a084dd560044a722e2ea 100.0
2982025 1516345912160 1516348894185 7a49bf94fff6b729d1bcebf5db374909e727fba3 100.0
2709503 1516345915052 1516348624555 8eacc803a622aa72d1918d06edf203a92157d18c 100.0
2706714 1516345915432 1516348622146 7063c1d076beea6c0b0dba9a180cfa1eacd3ee9f 100.0
2819006 1516345923168 1516348742174 5706e0e86a1b991723d6b92fe7b923a1fe5aa824 100.0
2709668 1516345923444 1516348633112 9c9c2b2c5ba77b3698fd9f7327ae83229dd5b950 100.0
2727633 1516345923554 1516348651187 330e202bde79c994f9ab4bc764c3be7d72941c8c 100.0
3387874 1516345924010 1516349311884 7e780b87f9bd5a9a4ee243c726e0d49d61c8dd2f 100.0
2713319 1516345926182 1516348639501 617e9a43f61f730ab7b5e232855049f1d6125796 100.0
2713319 1516345926182 1516348639501 617e9a43f61f730ab7b5e232855049f1d6125796 100.0
2711020 1516345927907 1516348638927 55fb366fb852ef07a650f9feb86c6bd324c32514 100.0
2712048 1516345930299 1516348642347 67573ce1e2c2ca49988f33153f92bcd66b6e5e4b 100.0
2712048 1516345930299 1516348642347 67573ce1e2c2ca49988f33153f92bcd66b6e5e4b 100.0
2705898 1516345931040 1516348636938 c6aac00558114f17812b6df725f18903414dccf9 100.0
2739486 1516345931123 1516348670609 b72e71acee08b9de69b229cfba5ee50558f72a32 100.0
2719998 1516345931455 1516348651453 8088b310dda99a5292c1af6bfd3405347f4936a6 100.0
2719998 1516345931455 1516348651453 8088b310dda99a5292c1af6bfd3405347f4936a6 100.0
3561066 1516345933088 1516349494154 7e0a1f94bbd5e8fdcd284d22eb528cf0ee1b93ff 100.0
2703118 1516345933381 1516348636499 455116e41d8cb3db17c1010293f36d5f1a5dbed6 100.0
2739429 1516345934442 1516348673871 5d85d4d8485ee718f16fd260742eef1e7c019232 100.0
2898756 1516345937583 1516348836339 1888fb78b4cdae21d78474b68fead49638984ac2 100.0
2714121 1516345937650 1516348651771 c73de5ccbcff7b35eca012f4d243aba2607f1d31 100.0
2736161 1516345937700 1516348673861 3fab9cbbe45015c899d11febb75d0b5495a7c2d0 100.0
2712340 1516345937877 1516348650217 c24fa74e39caa5a0b0996b1fcde00b6259e64f9f 100.0
2756859 1516345939720 1516348696579 5a133ede77e4afc250789737f4d08cc18bb64ffe 100.0
3279051 1516345940864 1516349219915 79aeb8057bb1a1af8ff162b3395fe686301dba60 100.0
2734069 1516345941739 1516348675808 50b318fe70aa9b0dcd4267d7bdb74f0a45280ab5 100.0
2810437 1516345941787 1516348752224 7c29a1b6ac37a07d7be521152661f5cc266e33b2 100.0
2888400 1516345941937 1516348830337 6010a65877c1193fb2e5d419169d49b74e7231bc 100.0
2716332 1516345942363 1516348658695 5956c2efbeeacb66b27d50530e5d973597d074d3 100.0
2828381 1516345942945 1516348771326 5a41d4f56281d5bd3563e47a91946987a699c36f 100.0
2727419 1516345944213 1516348671632 710e412651950548f80c19175df7cf776df133f3 100.0
2755768 1516345944541 1516348700309 821071fc1a05210357f0edb8705ada83281f3ef7 100.0
2793185 1516345944565 1516348737750 6ca40465c2c0e4d81dbfed5adc4f83ade751d802 100.0
2789966 1516345944591 1516348734557 a45bf862c900eebb15cbfe4efa5962bca1c92db1 100.0
2706024 1516345944802 1516348650826 88466c230514b20d86d8d629747e96d9073ce0df 100.0
2705309 1516345944963 1516348650272 84a9392e0c4bf2511d3f8954a38490700ab12655 100.0
2744260 1516345948262 1516348692522 42139a255b6d032d1b4d027eea1926e3acba0291 100.0
2724271 1516345948309 1516348672580 4226c5c923c6430cf10bb44e258b2900e4c92ba4 100.0
3503181 1516345948905 1516349452086 454b749e580fc8b7a7a7253788ad4140cb53eea7 100.0
2746106 1516345948986 1516348695092 48b2550cb7c07bcc29ace8aa41e4c588611260cc 100.0
2740761 1516345949951 1516348690712 546a97c0e448140279a3c35eadd457844ce00001 100.0
2705930 1516345953822 1516348659752 c771100d949ad3616669d850009abde7ae2a2399 100.0
2705751 1516345954397 1516348660148 746aae45448a2c30619cb09c5f98b71aff3f6fe6 100.0
2705747 1516345954401 1516348660148 746aae45448a2c30619cb09c5f98b71aff3f6fe6 100.0
2706646 1516345955841 1516348662487 50ff10920a46207d009ce9ae68faf63e65586119 100.0
2728052 1516345957334 1516348685386 77fc34240afbcf9e163c4aec5adcf6f6ef4c79a4 100.0
2728033 1516345957353 1516348685386 77fc34240afbcf9e163c4aec5adcf6f6ef4c79a4 100.0
2701471 1516345957392 1516348658863 d5872ad743f5421885f84ceb52fc2df77757deb7 100.0
2701471 1516345957392 1516348658863 d5872ad743f5421885f84ceb52fc2df77757deb7 100.0
2701459 1516345957404 1516348658863 d5872ad743f5421885f84ceb52fc2df77757deb7 100.0
2724617 1516345961604 1516348686221 023d121ff26897b36e525056fd27abcd18036062 100.0
2712345 1516345962712 1516348675057 1072fb2a2dda6dc9278e2cf85fcb8484b2c8b154 100.0
2700641 1516345969121 1516348669762 2d2d5d350d4e6bf063ebf2a9b1bb65240a1d29d9 100.0
2716695 1516345969626 1516348686321 efd92e41571c62b41f35ca8e857c1e28b63174b1 100.0
2760106 1516345991381 1516348751487 30c18c05c10434044a264ab392cfdb9940c8dd29 100.0
2711631 1516345993636 1516348705267 6124fb1552237ef5e242f25a6472f2e3caa69207 100.0
2891322 1516345993849 1516348885171 8207018a82b97855b3dc8e4853448cb9f84cb84b 100.0
2733987 1516345994594 1516348728581 eb9ca7300c36d95a7359f78de6cebe54750bfef4 100.0
2713382 1516345995396 1516348708778 362e440d8e9e393b139a65996040e221b4291722 100.0
2713374 1516345995404 1516348708778 362e440d8e9e393b139a65996040e221b4291722 100.0
3407715 1516345995655 1516349403370 9f81518afcf23f057dc75acdf5b066f55ad02834 100.0
2746466 1516346005781 1516348752247 432f0fb5ff961002c8571e46acc23c216c06dc51 100.0
2915259 1516346008986 1516348924245 f684271d2f3b58054f11609ab7d70e145e0ed5f6 100.0
2738859 1516346009608 1516348748467 6628f3828ce6d796d442dea0fc0ce876425fd5ae 100.0
2720802 1516346010772 1516348731574 fc43375270476122831d3b50366da9e0f168b9c2 100.0
3236968 1516346012562 1516349249530 7da98ff03a180340da59ce9d647545318c949ada 100.0
2804731 1516346013420 1516348818151 fc20e57d9f22a72fe1e8b41e4b4868d4461556c4 100.0
2762666 1516346015028 1516348777694 ff7c576f7cc331901cdd12d3ee2b7882b793248d 100.0
2703505 1516346015852 1516348719357 19e1d60e1c7e95a27eaa77bcb3ecbc4cd03e9758 100.0
2703502 1516346015855 1516348719357 19e1d60e1c7e95a27eaa77bcb3ecbc4cd03e9758 100.0
2792733 1516346016046 1516348808779 a7a7c7a15354a0e4ec5f64c8583aaee6210ba694 100.0
2713596 1516346017013 1516348730609 e30bd1d8319f472de80615d8da0b5c62bf1f2e1f 100.0
2736711 1516346017187 1516348753898 910fd542db5aa96f8f6fdf99a9f2178cc472cf9e 100.0
2702028 1516346019368 1516348721396 4231dcca9e5631be55c5961616bc3d814c081159 100.0
2706228 1516346019559 1516348725787 33c9808def4ff174d5143e54d085387f47ccfe72 100.0
2718333 1516346021017 1516348739350 9b78e5aa447a611ff4157f198330ad6e2d8c721a 100.0
3095057 1516346021190 1516349116247 6d8aaed666d1e90cc780b2d09fe27538703958a4 100.0
2738047 1516346022489 1516348760536 20e4e459688cc67759b3b92436358acbd13aa363 100.0
2760191 1516346029445 1516348789636 fd32aa66859e0025610261d2f4423b44e587d955 100.0
2739830 1516346030070 1516348769900 97a103152ff603899bd385114f4548e77787add6 100.0
2731061 1516346030740 1516348761801 194119c1f9c4fe6a55d077ebf2031466c9232496 100.0
3419989 1516346030918 1516349450907 938d460f7e16860d48e4890d5368799182621044 100.0
2819011 1516346031454 1516348850465 126a3484713d9bcedbf11d08380b2775d5689606 100.0
2706925 1516346031485 1516348738410 6ef39402d4090940d83b67fc7102c1c400646111 100.0
2712510 1516346033283 1516348745793 a96ccec336ac2dd470c2350e053070779384565f 100.0
2811991 1516346034777 1516348846768 d434834d5dc6472503d1230f30a7cec008e1551d 100.0
2747287 1516346035938 1516348783225 4d810267404d584c9ccae609a10068c0e9ae7d2c 100.0
2714943 1516346035985 1516348750928 bd3cb1f140d1ab006a4a6a04bab633879d3f445b 100.0
2708668 1516346036957 1516348745625 95edba51b7ffbb1048474a8380e6b64f0e490cbf 100.0
2702585 1516346040729 1516348743314 cd166f466d984b37b99a8da3e14455e1eb416cd9 100.0
2710273 1516346041333 1516348751606 9459087085f3864ec38c8c985649bcc8c1aa6aad 100.0
2700125 1516346041830 1516348741955 2342efab189e13b18bb06806f018c40a9d4c848f 100.0
2700123 1516346041832 1516348741955 2342efab189e13b18bb06806f018c40a9d4c848f 100.0
2761200 1516346042650 1516348803850 b59d303368bf4b64530fd8b3870f5c08a3f2ebee 100.0
2818233 1516346043376 1516348861609 921555fdc66289e9aa928e45769fb6ea9430eea7 100.0
2714070 1516346045421 1516348759491 24eaf4e11f95aa10d71bd3cab6e134aa721fd13b 100.0
2711968 1516346046323 1516348758291 90c1fdeba01e28edf2523359c6a4197739a77d23 100.0
3359353 1516346047753 1516349407106 dc7055e9fbc785ad0b61f3f5d1ea882af3bc257c 100.0
2886193 1516346048792 1516348934985 ee6e19df4ce12fc091bdcde6451cf8e2b89493c3 100.0
2704432 1516346049518 1516348753950 8d19cd31cbfce81e639cf97b59624f0b058c07f7 100.0
2720935 1516346050831 1516348771766 6cfe92817d1657fb2f43bde1ca25e4ca56be9163 100.0
2745187 1516346057400 1516348802587 d47ff7c49f78e576256ed62e1bdd266c5cdde205 100.0
2726851 1516346063834 1516348790685 e91825768f7fcd3da2b20c20ae41dbbf3724ee56 100.0
2763850 1516346066675 1516348830525 76a93652fac2617b589713b6b02861047b803289 100.0
2717975 1516346067498 1516348785473 cdf8b7503afaf3e6e06c8d0134a8c20658a8b4f9 100.0
2712488 1516346067599 1516348780087 ed8ffde690a83ef8ea4dce63321c20329591a7fd 100.0
2740787 1516346068749 1516348809536 45541f361f3bd3faaefc95af0709cfca925813aa 100.0
2710692 1516346069360 1516348780052 fc1d1f4ca4e26b96673196aa2b766f12bd19c990 100.0
2742030 1516346084838 1516348826868 58f2c10cc03d0e15607f616598ddc18c5273c5b9 100.0
3403601 1516346091793 1516349495394 7a393d7ae97118a74286ed1256b4aae076fd1c7b 100.0
3021253 1516346093937 1516349115190 9a551d3a3d34d0a0267499801a1a0cd7f16f7ea0 100.0
3021242 1516346093948 1516349115190 9a551d3a3d34d0a0267499801a1a0cd7f16f7ea0 100.0
2701632 1516346093951 1516348795583 74c3262bc36da3f53b281b75b2c81eaf273367af 100.0
2732068 1516346094185 1516348826253 aee5fdc35581013b1953bf0eb1ec7a31838d7403 100.0
2827987 1516346094683 1516348922670 515e2279d5fde53c00054a84fb0129d078a21848 100.0
2777613 1516346095273 1516348872886 aae500080c7f388764a34cb48b8491e5caedc018 100.0
3523268 1516346098423 1516349621691 c8d49bb6dd82f6a281abf23beba54f1ce5655f12 100.0
3523257 1516346098434 1516349621691 c8d49bb6dd82f6a281abf23beba54f1ce5655f12 100.0
2718104 1516346099574 1516348817678 7597d7a39929d9d288eeb8595d6451c7d14398da 100.0
2707424 1516346100678 1516348808102 cc1db8f776bdc86541142e6b6b2d6ae1b2daf79a 100.0
2764567 1516346101515 1516348866082 0282ac76d17c811a45738f8c493ac2519cc7ec49 100.0
2748903 1516346101582 1516348850485 31afb01e08f77799f05b00fef4dea133d73e6fc0 100.0
2847918 1516346105180 1516348953098 274fe26c43c681eeb966fc5b4766a15c4176aa71 100.0
2735001 1516346105365 1516348840366 9224a8c77fa9f38dc4678a8ebd6602da183a2792 100.0
2701780 1516346105509 1516348807289 b3dc592094c71230066b47c02b2bd0297a5022a8 100.0
2793200 1516346106182 1516348899382 efd4efeccd99b9b84b0c357dd7dfee33e6e1cc87 100.0
2707134 1516346106485 1516348813619 a5c66df33e9a100db30354b45bfd76889d2e5579 100.0
2725375 1516346107599 1516348832974 29ebb1f219a672e38198046a2a5d18da1361a259 100.0
2725373 1516346107601 1516348832974 29ebb1f219a672e38198046a2a5d18da1361a259 100.0
2721637 1516346108140 1516348829777 6e05e01cb744e4d37d6074664b14cad880a4736e 100.0
2717963 1516346109859 1516348827822 e2b8f9dac69399e5277eb83091f68848bc4c9127 100.0
2718565 1516346110424 1516348828989 f604e66551a690857b93fc6d227151b77959437d 100.0
2707707 1516346110765 1516348818472 40b48c4693ffca34b80f1da3efe16a32e444d093 100.0
2822085 1516346111443 1516348933528 56a310dd787ed88a0de5aaee0bc6e7979f0802d4 100.0
2720332 1516346112877 1516348833209 5a1fbf66273545d082b47522726c58f5fd2cb403 100.0
2728050 1516346113301 1516348841351 b2c92aaf3953ccfbd695981156a4595f9a270b4a 100.0
2715920 1516346114257 1516348830177 804551c514e7c1a88ece6e4d49cfc8c8b12a3bf4 100.0
2754693 1516346118549 1516348873242 2825463a765e89aff719aeb5cd3d08366df98891 100.0
3208030 1516346118616 1516349326646 503e111d41edaaafb6b1f4f577dd4ca76dc7d1ff 100.0
2721694 1516346119907 1516348841601 3417bff9d880737446d51814c3103c4f2b61c0a0 100.0
2739646 1516346120867 1516348860513 3dfb3833ae4e7b503c557e900be0614149be0d42 100.0
2739640 1516346120873 1516348860513 3dfb3833ae4e7b503c557e900be0614149be0d42 100.0
2740686 1516346121345 1516348862031 fd308c83dfc0ccbd21478457923ec9dff25eeb85 100.0
3128450 1516346122008 1516349250458 da0e51cfb64f638bf413ad5ff88dcd4342695942 100.0
2737658 1516346124581 1516348862239 8d2d99235dace987a4027af1feec17339667dd16 100.0
2758603 1516346124598 1516348883201 58036b80301dd9f8e1d8bfad7401b7dee9fb32d5 100.0
2777873 1516346125411 1516348903284 530590ac1de7ef288e1967f00bd038380208203d 100.0
3370107 1516346125538 1516349495645 66c6cd4eeaca1581d84ebf55e2f65084d172d1e0 100.0
2710913 1516346125706 1516348836619 b424cff99b3074b5955199903fa9e9e2b6e30812 100.0
2710912 1516346125707 1516348836619 b424cff99b3074b5955199903fa9e9e2b6e30812 100.0
3395357 1516346130160 1516349525517 2cf887c23234c75a58aa025a0e9f427d1488c169 100.0
2709659 1516346132217 1516348841876 3db25ce8b63d4ad22c58915b24b5df04793c226c 100.0
2715936 1516346133080 1516348849016 4faa16903c39318e665cafae2daa3d2c0db55b6e 100.0
2778660 1516346135276 1516348913936 c712204cb8b9e7bbbfe98a5f6ab8f526cc7fb34b 100.0
2736189 1516346136646 1516348872835 fd8796c87c7c358cdc9abbf2868c1f5cff68c6a5 100.0
2701985 1516346139660 1516348841645 a00106caec2d95b22de8b54d0677d1844dac11e2 100.0
2703348 1516346140197 1516348843545 4deaf8bbc9d6480bbce4cc879dceaa4321d19419 100.0
2747430 1516346147026 1516348894456 d4b286e077d162fbbd908c0a427a082204304182 100.0
2709808 1516346148670 1516348858478 8309c71247618c91bb8e851ef4e185a6692b70fe 100.0
2709797 1516346148681 1516348858478 8309c71247618c91bb8e851ef4e185a6692b70fe 100.0
2740996 1516346149858 1516348890854 076585abdfd3836caca368cb4f60c7370ffdb88a 100.0
2792519 1516346152243 1516348944762 ced6e9f5556a8c5c0e4e06f34bde10e629067810 100.0
2702088 1516346157362 1516348859450 4d25af845a40d1e132f0f997336f8ffce64f83e8 100.0
2715097 1516346157621 1516348872718 abeab5fb19d10bfca3775a0fa38a88e77a7c01c0 100.0
2761685 1516346158512 1516348920197 1546371b087e13d5976a7b1eb0495f1be7a8dab9 100.0
2706613 1516346159054 1516348865667 8f9a8a5090917eeb2207dfbed0013162b53daa6c 100.0
2710753 1516346162919 1516348873672 2776c8efcc3baf92fc1b0921042f38718db988a3 100.0
2955365 1516346163494 1516349118859 8468156fc0bf9b57a356188641d0fcee0a17ecb0 100.0
2731975 1516346164274 1516348896249 31abf452c1b0f8ce0848aa5c74c3d60c21a067a9 100.0
2767395 1516346165607 1516348933002 1d843669df7a33db16388aa618ec752dfa126399 100.0
2955550 1516346167301 1516349122851 d06d3ce3efecacedd5edcd105dd20f68b3e94284 100.0
2703821 1516346181863 1516348885684 6f4ba9efbfe8aa34c2976600fdc352ffd2ee91c5 100.0
3599304 1516346181876 1516349781180 7e61f992733ffe3a3b5182c33f019cc72843dd12 100.0
3599372 1516346181887 1516349781259 755233746832117bf4a4f07af766564add67276f 100.0
2776915 1516346189987 1516348966902 5f21d51d031ccc5e0055d0f888693e273e90d867 100.0
2722968 1516346189995 1516348912963 88ad88bce192f276f4431b6dc4504fe4b0f9d5da 100.0
2701887 1516346190555 1516348892442 6e5c6b271672149b35ba62cc933424cc889f2e1c 100.0
2763030 1516346190884 1516348953914 cf95845aefe758d67141c546f6580398f5474c0a 100.0
2763028 1516346190886 1516348953914 cf95845aefe758d67141c546f6580398f5474c0a 100.0
2856498 1516346190909 1516349047407 a6259577592c620f063b7f9277971eaa25ef405f 100.0
2749025 1516346191613 1516348940638 19aa7c4ce0a7a01b089ef529096476fa65e7ac32 100.0
2776278 1516346192585 1516348968863 6e8fd9cdfbfc5123ce9caf15b8c271641b917f45 100.0
2700994 1516346193947 1516348894941 b7b7970944f4dd40cb33b3bff42c80dce18d5755 100.0
3598389 1516346195647 1516349794036 fa5f04df5dcd353d1be5974830cf99338b28eeeb 100.0
2754641 1516346197272 1516348951913 7973f42be05becac5c1c5282c868bd781b9212fe 100.0
2728872 1516346197772 1516348926644 fca7d63b5dae441748e895b704001883812b5142 100.0
2729616 1516346198071 1516348927687 91a117d6acdac569fc44a4b05401ae6aedca416a 100.0
2729614 1516346198073 1516348927687 91a117d6acdac569fc44a4b05401ae6aedca416a 100.0
2710126 1516346200819 1516348910945 a10b18383b313889551be3fdb277e07e58371852 100.0
2700622 1516346201868 1516348902490 14d161e710dc5a117d1dc5ae668322c393ce3481 100.0
2737459 1516346203757 1516348941216 bfcf30a926f0de9c2b5aab819cbe706b63bfd7e1 100.0
2700047 1516346204986 1516348905033 b114fe4eceb7766ffba28f76c8b518dfb082b811 100.0
3493765 1516346205978 1516349699743 bab3f464d8a144254625298618a45a8a08ec72cd 100.0
3493764 1516346205979 1516349699743 bab3f464d8a144254625298618a45a8a08ec72cd 100.0
2770571 1516346207281 1516348977852 e347aa6f973207f8bfa7fbfe103c0b909b659c09 100.0
3100747 1516346208669 1516349309416 9e0c80d7c9c00e0b4ebf5208a89be745cf02cb1e 100.0
3063324 1516346208920 1516349272244 51d515ebe14be4a24b09e16bc882d03e0ab6442f 100.0
2713148 1516346209891 1516348923039 36dae8b95e64c93d16942b85490a2ae26487afba 100.0
2970242 1516346211869 1516349182111 d30c94c56878160ac8e33ec0a2a14edf5b8fa402 100.0
3188832 1516346212071 1516349400903 eeaf982524ad2160a122f4f8689c8801741c6aef 100.0
2746152 1516346212154 1516348958306 fabb4bd1f2f7a12f088d490555683c0c0893e827 100.0
2711161 1516346218512 1516348929673 4a96bb97fbebf54db7b80265263edd2999af53bd 100.0
2742265 1516346223482 1516348965747 ee3725ae380b76f0f08cbb51a5fbee5a66751228 100.0
2736837 1516346224698 1516348961535 1997893e70dd96b69694692e9cecf09b35a92209 100.0
2775044 1516346228841 1516349003885 dd69ca855cb3ee36616731e0e5e15114e09c61c3 100.0
2771444 1516346229811 1516349001255 6ad4beac72775af3488c89252db0a6f6ce4efb54 100.0
2745116 1516346231066 1516348976182 d75d90f8cda68467d1905c9a309de36431c16a4f 100.0
2746530 1516346231900 1516348978430 0976fc51c050dc9845c59dce517dfe625ed7c32e 100.0
2764086 1516346232426 1516348996512 8c8c10d42f7420c4b9fe6e6b1cc30bca1add0f7c 100.0
2715798 1516346233546 1516348949344 13d42ac49408fa2100d59bdd802e86f880f179f0 100.0
2722530 1516346234887 1516348957417 5e08f43ece99c6c86f1e85d1f4ec703101367c46 100.0
2722524 1516346234893 1516348957417 5e08f43ece99c6c86f1e85d1f4ec703101367c46 100.0
3142473 1516346235711 1516349378184 b3bd20680ea5cac94a62392a0f549cf85f1d53cd 100.0
2727741 1516346238312 1516348966053 a7e748c20f72673214e829b084139f154a4909bc 100.0
3598153 1516346238319 1516349836472 987f8e0f3aaecf266236b1ccfa0f5379866d10ef 100.0
2726123 1516346243142 1516348969265 2b6e5a8e348a0f49df8b0de2a7430e7b50ba61a9 100.0
2726086 1516346252454 1516348978540 ccaa39f4db42e6824028e524cc0be31b5933a9aa 100.0
2726085 1516346252455 1516348978540 ccaa39f4db42e6824028e524cc0be31b5933a9aa 100.0
2726085 1516346252455 1516348978540 ccaa39f4db42e6824028e524cc0be31b5933a9aa 100.0
2806665 1516346254886 1516349061551 0894de54f963c843db7ac0e2d9aa7e28d7a58df8 100.0
2707431 1516346260080 1516348967511 815b88dee3dfa63b959bc9a7911a1e0cfc4ca54d 100.0
3125367 1516346260232 1516349385599 9a0fd5d430e53dd8ac3dc78d1519daed9255ce5f 100.0
3049474 1516346261957 1516349311431 b6934b5eb3418bf691b55a84719827254f334832 100.0
2723567 1516346264379 1516348987946 14f69a095407d10e011c3999d09d8722bada3cba 100.0
2707088 1516346264854 1516348971942 389143e1d2f883ac891610246da19ed4ad74f8e2 100.0
2717487 1516346264940 1516348982427 517c5a21b34bb24fef4d2b5ee0f11c71b6f1d746 100.0
3229459 1516346265003 1516349494462 397f189cc3055b07db48629304769095d668346c 100.0
2702445 1516346265571 1516348968016 b8f491642af4f74d54313f85422ffef2644bdb13 100.0
2983413 1516346266167 1516349249580 f5e028410b1cc63cfd9df3bef7f9ae81d6b2a991 100.0
2762690 1516346267576 1516349030266 2f94172784d07c8a4468ba6c1fbaefe38a6f6736 100.0
2810999 1516346282620 1516349093619 43c2a9dab857fd4424ce89342fefeb1d0d16788a 100.0
2893449 1516346286497 1516349179946 e7a88737a224c88d8c9c6b0846e0bff6149d3ed2 100.0
3502654 1516346286677 1516349789331 5a62489bea242c0f5cf06ef08f1a42705d9ecb31 100.0
2742335 1516346287328 1516349029663 b106c0872c5233a89213a05c4045320b00762534 100.0
2782778 1516346287670 1516349070448 421883c904b6cc33e04425580909c0e3003978c0 100.0
2897687 1516346287982 1516349185669 dc49d9fcf7a87dbc0b463e0c7799f814e4f3d9a4 100.0
2897684 1516346289114 1516349186798 4534178993301423d77b02916967a13859c3f200 100.0
2710933 1516346289474 1516349000407 eca5956e221955fd2ab9b5a1c0fa2b1fb8fff8a8 100.0
2710933 1516346289474 1516349000407 eca5956e221955fd2ab9b5a1c0fa2b1fb8fff8a8 100.0
3591692 1516346290788 1516349882480 0e6c28752b2fd72dced4bdc9ee29d6d13d0f3aef 100.0
2729836 1516346290889 1516349020725 c7abca4f12c917cbd71b0f603165db50df509e13 100.0
2993188 1516346291236 1516349284424 ca23c6feae5dcb33009b50201079f1d4c6de2582 100.0
3595793 1516346291443 1516349887236 b9e57e8c9da82f111ef0cc71b60cd6b33bb65857 100.0
2719584 1516346291509 1516349011093 dbde1995e931b7900a9ef9c5adde948307cc9a67 100.0
2719580 1516346291513 1516349011093 dbde1995e931b7900a9ef9c5adde948307cc9a67 100.0
2719577 1516346291516 1516349011093 dbde1995e931b7900a9ef9c5adde948307cc9a67 100.0
2725941 1516346293195 1516349019136 b4a2f95ec1ad1469de1c023f6ad9cb25636072f9 100.0
2822519 1516346293609 1516349116128 4a02302bc3fce11881dcd18bba91e84579fe7fed 100.0
2737540 1516346293657 1516349031197 a21ce859561bc29e95fd5e29745e9f1142e95ef0 100.0
2809799 1516346294845 1516349104644 6e2953f6b519e100e0acd6dd45c27928f94a8d16 100.0
2733316 1516346297339 1516349030655 d8cd12864b3581401d9f7d34f1fb249fd7fca567 100.0
2742291 1516346297533 1516349039824 033df3f10bafa6a34d85f7e7d9bf6befc6af179b 100.0
2786484 1516346298011 1516349084495 2ccb55c1bc52c9970d7ab4b12ac7530239540026 100.0
2700610 1516346298261 1516348998871 6b6c68ff6866a4bfe44023a5d235d324fc33accd 100.0
2700610 1516346298261 1516348998871 6b6c68ff6866a4bfe44023a5d235d324fc33accd 100.0
3490225 1516346299105 1516349789330 5375e7b7026810d05bdbe95e2def293106152426 100.0
2739657 1516346299341 1516349038998 91587c05b8c4ed1e9333f52240a006c7b837d96c 100.0
2791321 1516346299796 1516349091117 b41e88b778b8ef2f8c301a087cf27058156c3d48 100.0
2708630 1516346300491 1516349009121 b7b0bbbb4297ed4f16f59da906804f2dddd039f3 100.0
2708627 1516346300494 1516349009121 b7b0bbbb4297ed4f16f59da906804f2dddd039f3 100.0
2779246 1516346302446 1516349081692 eb8e9f6470fc642fbcbdb345465355dee5473b84 100.0
2708854 1516346305064 1516349013918 212a7a2f327b9d2d9f97636b86466ca1f0c35196 100.0
2720038 1516346305254 1516349025292 1a1b14d1720769066653c3775fab8412bfaf5658 100.0
2720035 1516346305257 1516349025292 1a1b14d1720769066653c3775fab8412bfaf5658 100.0
2891300 1516346305612 1516349196912 38f01440a303a7a24139b0ab460f42070a1a06d6 100.0
2723917 1516346306637 1516349030554 8d4723470f9f0f7f1bebc80c0c4d82950108d013 100.0
2732467 1516346306941 1516349039408 a1a3508b66cfab3ac5aac1c68d0a03f865840b61 100.0
2779439 1516346308703 1516349088142 f8e113dcf1645f8c041a3b6281726dbe323d176a 100.0
3570106 1516346309492 1516349879598 8ac5688e0390176c2258e1be81fe6a84202ac13b 100.0
2707678 1516346311807 1516349019485 31eee16cba2be89eecdd27423413736106815743 100.0
2724870 1516346312629 1516349037499 aef512c9d53dc7c2d70899acf0d0eaa65037d2d1 100.0
2752449 1516346313012 1516349065461 489a6003401d3134e7383a10672132c54cdb259a 100.0
2711073 1516346313059 1516349024132 2a0a475b4f29e78a26c371c90fbb53e3dd0a66a1 100.0
2703505 1516346313809 1516349017314 578a92f6260160d073aac616b00ddf816f1eb1dc 100.0
2746627 1516346316553 1516349063180 13dc1d026c3232452f7473cad455b28e78995e33 100.0
2806993 1516346316782 1516349123775 ccf1fe56449b4640425d90ec992f5df0b4980683 100.0
2711967 1516346317643 1516349029610 f6320044f475c5dc4b9e3051374b063351ede0a1 100.0
2700977 1516346317789 1516349018766 591ade680df12890d1db824006f69aa4fa40542e 100.0
2709984 1516346320498 1516349030482 3b035fecdffc565267928a2347ad9999d7cdb11e 100.0
2710587 1516346320807 1516349031394 7fff69621cd4f7a03f7751d182ae86e044c8f239 100.0
3445205 1516346322222 1516349767427 7fbd989e72157f3e182364220c8be4ecc0cc92b1 100.0
2717659 1516346324782 1516349042441 d61d640244d3a6ecdfc1c281dab50cd4742f7dfe 100.0
2789719 1516346326131 1516349115850 77c5b3b18f1d0752715fbbdc68a957d1bcfc0590 100.0
2715452 1516346330201 1516349045653 b62d3935d9b78d31d46a843ede48ef8cffe9247e 100.0
2707352 1516346330630 1516349037982 a250e71f8526e178323da36e13994f43b1ef34f8 100.0
2718308 1516346330688 1516349048996 5d7d8d3fdc2f7f6a50cb5e1754a840346c55d143 100.0
2736104 1516346331353 1516349067457 f4a7d28076831739d7ecbc7043eb97ed663d4c9e 100.0
2725870 1516346331702 1516349057572 9ee6b099c6809d5eda4c0ee8371fb6696c72c2e5 100.0
2735909 1516346332067 1516349067976 69b2b0b6e97e473f3da89458f95b52ba53ed3b53 100.0
2797202 1516346335238 1516349132440 26fdb12275b36a69d034fdb3b4384cb81ca43a9f 100.0
2797197 1516346335243 1516349132440 26fdb12275b36a69d034fdb3b4384cb81ca43a9f 100.0
2727508 1516346336325 1516349063833 cfe8ddf864ee117394e23fe1fea41a0626c5e66a 100.0
2792682 1516346337574 1516349130256 e6ecd4819da7b9ee1d437407af5805f07a21f751 100.0
2766221 1516346338804 1516349105025 ec842c3db553b71531d5d94764c3dee37d51b9b9 100.0
2745648 1516346342028 1516349087676 7f08d6d40b74d4f551574a1a1fec33a84276f2ee 100.0
2728786 1516346347275 1516349076061 9cc152e9a87feaa2d9ef29d9271464bbc387ce9c 100.0
2713481 1516346347312 1516349060793 6ed668c8c6a2ca6042d47320eb9da15396d9149b 100.0
2713481 1516346347312 1516349060793 6ed668c8c6a2ca6042d47320eb9da15396d9149b 100.0
2747640 1516346348035 1516349095675 2e3174d8d35a6b29fd905cff254bf78ff6e17736 100.0
2709840 1516346348391 1516349058231 522171941d1510220ffac2e37972f2dcbde56de7 100.0
2709461 1516346351865 1516349061326 57d4b00c9b72a3c50198deb91c5c47bf20a0f723 100.0
2716098 1516346353839 1516349069937 a84a5bb029fea058e656f51b0ee610db3e39e49b 100.0
2716097 1516346353840 1516349069937 a84a5bb029fea058e656f51b0ee610db3e39e49b 100.0
2707750 1516346354953 1516349062703 f51cf59d2e72e5d5bbeba216740347d97e5d5dd9 100.0
2719339 1516346357318 1516349076657 c21d3a15dccb9b2d65b7d703da71158d88970b81 100.0
2850730 1516346358938 1516349209668 97f878c4974c6c112f71d05eba4c00368d75d3ed 100.0
3421528 1516346358983 1516349780511 0cb61437b4a8c44cc467f2de9795c26eee38e7b5 100.0
2803436 1516346362374 1516349165810 7f9a8fc8206239aeb64cff96d3d722517ded26d3 100.0
3032431 1516346363266 1516349395697 22bbd36263ec6cd71f8ad5b595eb4a8c8d1d1302 100.0
2968129 1516346363388 1516349331517 da8ca9493b7a043ccfbbde8b2bbd36208d98968c 100.0
2707815 1516346363540 1516349071355 54654393048c8577717fe90b5858267eecebb702 100.0
2711194 1516346363561 1516349074755 626d91b4e64f778e4f86ce9bce61a3aa47ad59db 100.0
2768376 1516346364014 1516349132390 fbd43cb7c44d10bdc635e8886d360b9a8d337e2b 100.0
2705089 1516346366166 1516349071255 c8f8e4dee5abf63f34e1f8ce515eb16093f3b79c 100.0
3519945 1516346367255 1516349887200 29ebb1f219a672e38198046a2a5d18da1361a259 100.0
2744653 1516346368496 1516349113149 7532d8ad0af8a3d297f80ed00ae0828296749601 100.0
2714294 1516346380638 1516349094932 d29356ce0a0e6e30ae59b9ea6e5e9bd10309b585 100.0
3597924 1516346380844 1516349978768 ded934c62b7f1ccd86c34b45e618986fe8928c48 100.0
3109985 1516346385461 1516349495446 9c7015e19d6b3c54d207952b972c21aaab15cdee 100.0
2813210 1516346385904 1516349199114 024045b9d5994d4045c020ef3ef94052467451b1 100.0
2702732 1516346386135 1516349088867 5e49a6859dbd5ac9f52a4747324e78d6969a80a7 100.0
2702688 1516346386179 1516349088867 5e49a6859dbd5ac9f52a4747324e78d6969a80a7 100.0
2702687 1516346386180 1516349088867 5e49a6859dbd5ac9f52a4747324e78d6969a80a7 100.0
2711025 1516346386668 1516349097693 facb566fc860fb74b82b84a1218abcdb08b3f1a9 100.0
2711020 1516346386673 1516349097693 facb566fc860fb74b82b84a1218abcdb08b3f1a9 100.0
2760753 1516346387953 1516349148706 e9dfe5ffd96753127d0a5ef40d69621e93bc9519 100.0
2760752 1516346387954 1516349148706 e9dfe5ffd96753127d0a5ef40d69621e93bc9519 100.0
2740892 1516346389352 1516349130244 19abd53dddbaf1a1f153673ae0aaf76329d5eeb7 100.0
2768048 1516346389417 1516349157465 e475994f6029490e3c70e1131b0958eae4d8b175 100.0
2705184 1516346390019 1516349095203 62c51c25a060f4e737d25c5983ab29916b4ecad8 100.0
2705056 1516346390147 1516349095203 62c51c25a060f4e737d25c5983ab29916b4ecad8 100.0
2705033 1516346390170 1516349095203 62c51c25a060f4e737d25c5983ab29916b4ecad8 100.0
2722662 1516346390434 1516349113096 a54dad6fb4ad118c82a48325e4ae35df3e5103af 100.0
2722150 1516346390946 1516349113096 a54dad6fb4ad118c82a48325e4ae35df3e5103af 100.0
2704568 1516346391254 1516349095822 713b2913598e985c0318d9688aa294d6b71353da 100.0
2798107 1516346391441 1516349189548 e2e9cf646dc648e74c51578b71f61efd27b0607b 100.0
2797746 1516346391802 1516349189548 e2e9cf646dc648e74c51578b71f61efd27b0607b 100.0
2719101 1516346397156 1516349116257 dc2e648861eda59af923c5ba2219e3e2370328e0 100.0
2701156 1516346397394 1516349098550 1c8496dcf27bf8e182df76402139e20b0e7460c2 100.0
2706313 1516346398693 1516349105006 f209a4c5fd2d169d05c76422e803606b9899faad 100.0
2729327 1516346400027 1516349129354 c20288200146384d9ccc382f457c80f691ade54f 100.0
2730641 1516346402421 1516349133062 765182cf042f82ff9f464503c20b406e34639295 100.0
2739280 1516346403717 1516349142997 d1ba8e22f8515492663c7d7a477754709c125458 100.0
2722724 1516346406069 1516349128793 36aad83f7e57c9142878915b24fe29e12429e996 100.0
2733092 1516346406565 1516349139657 bc1404b261e421fde96cb6528b40273f402c60d6 100.0
3587595 1516346407134 1516349994729 2817bd67a7e0e9b14256267220e570e9655f2410 100.0
2703706 1516346408335 1516349112041 b1df1f85c0a9fe2e4b0fe85ca24a64825f69e8a0 100.0
2749055 1516346410012 1516349159067 b8bb42efb272cd6a34314c047ccd30e8c4f7e587 100.0
2779760 1516346410467 1516349190227 5098928adb6e5cab1faaad616821597028132dae 100.0
2701166 1516346411068 1516349112234 7f55635caff08e0f069345d9cc498fd61fbc0923 100.0
2701165 1516346411069 1516349112234 7f55635caff08e0f069345d9cc498fd61fbc0923 100.0
2899806 1516346414447 1516349314253 2e9871658207b9a12ed7e132290cf98a66faf4a4 100.0
2735136 1516346414546 1516349149682 16547f3838d28345803f6671d9050a53bb6f51b3 100.0
2721280 1516346415943 1516349137223 a6452ce871d56ea6cdcdfe67d9532903afa38d18 100.0
2732454 1516346416622 1516349149076 d907e02791c49fbfec717e3e47b8c27bd6c1ed72 100.0
2782868 1516346418688 1516349201556 b2d395864dc154ad11edb41d47aefda9273fe0a4 100.0
2704901 1516346418901 1516349123802 400e48f064016add5c554377fd2cdad9c6925977 100.0
2704383 1516346421565 1516349125948 3c070f1713eec99c8ddd307afa01fabfd83448b7 100.0
2719167 1516346424090 1516349143257 f957c6601ffb2fb4f987f54bcb38f319ec372e1a 100.0
3273718 1516346425986 1516349699704 e844311744a427452578f0c66055825c8dba6426 100.0
2714386 1516346426760 1516349141146 e197ff52639c24c1ad3d227c198ed072f65ea5fc 100.0
2745700 1516346427500 1516349173200 de4e6dbc4631749f9ba79379d0dbd50b75b6cb75 100.0
2721473 1516346427602 1516349149075 34eb364a5169306ca88ddff258ffb29c6a0166bd 100.0
2763606 1516346428109 1516349191715 708d3991c6df79932f2f5d0f7380121681cfd93c 100.0
2703668 1516346430227 1516349133895 54c7490f8127d735cc447066234189056a3314d9 100.0
2756962 1516346431013 1516349187975 0b2e4ab8e9db9ee496a3375de1f3fef4edb7c8e9 100.0
2863700 1516346431836 1516349295536 0947aa2f760169fb90ace809f1da9408cabd3788 100.0
2705123 1516346431930 1516349137053 a80de82a7045b03f5e8a321c6e8768e659729af5 100.0
2705123 1516346431930 1516349137053 a80de82a7045b03f5e8a321c6e8768e659729af5 100.0
2713354 1516346432412 1516349145766 99b17f6a4f1950bcd814437cac57f43070e0ceaa 100.0
2777678 1516346435073 1516349212751 84fd7dd60fc6a7c8ec60a3b83807b052b596743f 100.0
2712214 1516346437820 1516349150034 641820288ce5edd7a74a02fea9a9e8d5a97d66a3 100.0
2702125 1516346438226 1516349140351 34a5f5c7a0b3f60f862fd578bc3f22d370d2e331 100.0
2791904 1516346443566 1516349235470 2b9118ac6bb67350e2bd5e9b8ac6a521702feaeb 100.0
2700316 1516346444305 1516349144621 0095304e5826dbabd6f6d7b00d64339ccbca7444 100.0
3542846 1516346449585 1516349992431 94c0dca62419d566c2b57cca99ee7ed368e59ed7 100.0
2772580 1516346451130 1516349223710 6c9ded9d43d0381de3aa18defd969c504c3bdd05 100.0
2710676 1516346452959 1516349163635 9c33af1f63baa9b90cd87260a2f5fa9afbcbeb28 100.0
2939153 1516346456614 1516349395767 bc06cf4cee8076ad5e75615fdecd432da0537239 100.0
2700897 1516346463097 1516349163994 a2a84e24b3a1b302b3972549045d1a2bd8d713b0 100.0
2779835 1516346464572 1516349244407 022297cf65127b5ccb26bf6baeb309c9380cbb84 100.0
2700121 1516346465323 1516349165444 7771e5dcf7a7e6563869aa64483885df0d0f9c13 100.0
2700121 1516346465323 1516349165444 7771e5dcf7a7e6563869aa64483885df0d0f9c13 100.0
2795268 1516346480902 1516349276170 631bd3a61e9022713570a7a318cb04872ac2e042 100.0
2700218 1516346486039 1516349186257 0451a259718ffa6bd702fe197240b701c8d2b91d 100.0
2707899 1516346486570 1516349194469 14e64f3e0c02479953c1a185d69d0f516f7a8b72 100.0
2717937 1516346486802 1516349204739 6285315588318d1d0ec72225765f7de14662fbbf 100.0
2703535 1516346487437 1516349190972 ad30e774197a2df9ff974d3b65b29d6562dd3dbc 100.0
2705198 1516346487673 1516349192871 5e9ed97bc1bb425f05a98c50410ce58cb793a91e 100.0
2943402 1516346489029 1516349432431 807a9b2eff46a34519aaee3677abdcac369f67d4 100.0
2821412 1516346489051 1516349310463 da22189a12dae90f178ea7488e643977ad28c77b 100.0
2725459 1516346491654 1516349217113 6e15e5f97f7a4f74d95cf467175ddbdb4fa8d1a1 100.0
2721140 1516346493504 1516349214644 26eda6ee5189ba7d7935fa00b64500f179effd3a 100.0
2896851 1516346493642 1516349390493 a426bde9505ebf5cbfe03eeaa98c641eb1d662f3 100.0
2729733 1516346497901 1516349227634 4b2bbd2db88c3e98b2c51c2095b4310821edab46 100.0
2715210 1516346498459 1516349213669 8aae93e4fc47d1632319d0f3e3daa0ba780a0391 100.0
2731984 1516346499314 1516349231298 08e45bc80510cb646112be3af0504c9612326f4b 100.0
2706249 1516346499749 1516349205998 b14fbea2f82d1beef5eb30a85aea48079aa7c81c 100.0
3598139 1516346499903 1516350098042 b91035e82882dd77446866c1404fc89088e288fc 100.0
2723498 1516346500011 1516349223509 4db2b97d6499cf59d1f20ca8bd383ec284b576d2 100.0
2722675 1516346500483 1516349223158 8cb79f9737d0baef4b26546233714cc38be84eed 100.0
2925488 1516346500572 1516349426060 f709146711702aa9a4fdf100c56512e55b694ec7 100.0
2991161 1516346501259 1516349492420 f903b12362a8c87baf3bfbde202d7b8ee2d1815d 100.0
2717248 1516346501603 1516349218851 ee6c625ec48d092c20a26e1f7ecab1c69a244ee6 100.0
2767291 1516346501646 1516349268937 9e7003b2418dcd15b3ca00f2c1d9d184ac454738 100.0
2703377 1516346502076 1516349205453 ca0aa5dace5a8cc0f5824faf724166fb56750e16 100.0
2703375 1516346502078 1516349205453 ca0aa5dace5a8cc0f5824faf724166fb56750e16 100.0
2815740 1516346502108 1516349317848 1e6f5717eb67b4ceb0dd08143627344d0abff067 100.0
2877297 1516346503324 1516349380621 fe19b416d79234bfce4ca28ffc452d8c856a2499 100.0
2843251 1516346504396 1516349347647 367651cd7e051c579053b3136d2750af45287c08 100.0
3578205 1516346504596 1516350082801 3e7b54b39c6ecd9dbdbc9ebf8bb3e2526017b05b 100.0
2715606 1516346504816 1516349220422 f809bfa64c7a012783a139ef37ee44749dae43c4 100.0
3591168 1516346505432 1516350096600 7858dbd6f502d0fcd2f63f41591c11a59d8bff7b 100.0
2701073 1516346507148 1516349208221 59448ba947fea4c80c05d36e03ae7fbfb47c1404 100.0
2701069 1516346507152 1516349208221 59448ba947fea4c80c05d36e03ae7fbfb47c1404 100.0
2879345 1516346507503 1516349386848 123f08e82b5b9961415c6af6dda4f912a71348cb 100.0
3580476 1516346507595 1516350088071 52fb50ce62e83001b7b45baab7d34055837d6e35 100.0
2723852 1516346507790 1516349231642 10bf7c3f9713a4d1e0b12cb0b78d6f9674c578e8 100.0
2882329 1516346508140 1516349390469 ccf891eb94fe921dc1ad15d26c8a35a8cc368594 100.0
2758286 1516346509969 1516349268255 66e9c0e785204152f851f2ca7894cdff073162d8 100.0
2781348 1516346510118 1516349291466 f390401b01a3255033bbfbf63d8347e50152cff5 100.0
2706881 1516346511046 1516349217927 e98b33e88af841fb4c1e26c7be6678d963c63ea4 100.0
2706931 1516346511068 1516349217999 8ea1b11ab6e55c9a89ecc4239441f7fcfb5c8d7c 100.0
3379537 1516346512197 1516349891734 48df9d70ac40900b3ed2c764ba3f55b2f7b0856d 100.0
2743337 1516346512327 1516349255664 5fdbef2f94cad59d5ee6bea31cb14cd931c4fadf 100.0
2714378 1516346512393 1516349226771 19e6eb1c5c51e4a0486236c4a27af3aeb690b1d5 100.0
2770882 1516346513799 1516349284681 34915bfce1d031a54a5bd6bc0b5b7b97505ed74b 100.0
3572535 1516346515558 1516350088093 e0c6fc66593a8b789aac926c8eaf6cf55ce091b2 100.0
2735619 1516346518837 1516349254456 e7df8022d3ca7779cee184382fba65ff22cd6eb9 100.0
2789703 1516346519718 1516349309421 ca6dbd4d61d140b6313bfd807ec72e6565a53d3c 100.0
2743544 1516346521378 1516349264922 ec79926ef0e5d942256548ecbbd75fadfa564e16 100.0
2702071 1516346521549 1516349223620 9b426fd8eda0b2c7072c1af4e7cbae5d923a1597 100.0
2784196 1516346523052 1516349307248 661e78fc2bfbfcf4ce2a3f747c3996569fd77901 100.0
2795895 1516346524150 1516349320045 bed23a7cd8650c6b1adf45923dcbaa6cd086c3ba 100.0
2701530 1516346526535 1516349228065 05236ffe08646073af77651dba5342e46c26d580 100.0
2838025 1516346526581 1516349364606 c3be48df3ae039ac7666fceb1242bbb1ad1f7536 100.0
2833104 1516346527721 1516349360825 95ca337357571936569ba42cd3db1aabf96caef2 100.0
2711967 1516346528376 1516349240343 caef7cf39f9b3dedfd44e768b8eefa6aab4deb6e 100.0
2784303 1516346529291 1516349313594 bd480cf3880113637d0665d836e0fe439dfab771 100.0
2705840 1516346529698 1516349235538 5c9440c8f00b573df2baf4e7393c082ab8de5fae 100.0
3565956 1516346530530 1516350096486 63fe319ddeaa4e858a60e65546d80c6e5f400b41 100.0
2792272 1516346531180 1516349323452 51f35aa221f43f4225f146fd4ecad6e5bd2dc462 100.0
2721452 1516346532662 1516349254114 a411da74e7a4b9d3acc38f57a0fcce54c4b0bf54 100.0
2728561 1516346535129 1516349263690 cda3d9d6d4f0162044b3a80741d87c8922583d64 100.0
2738765 1516346535400 1516349274165 08a09e23ccc08981eac215b36e461f0dd87eb252 100.0
2754141 1516346535606 1516349289747 f915e8a1294a5375a077caa696642b0a04f52ad8 100.0
2730856 1516346536735 1516349267591 558f223860162abb858fce3c1052bbd14f0ba8c0 100.0
3453791 1516346536984 1516349990775 ed30bfabaa04e99ba2cc5975eb53d8ee3c041460 100.0
2705136 1516346537698 1516349242834 8902d2cea908d97856d926af5d2029a98ca5aaf7 100.0
3149881 1516346538257 1516349688138 1d69669429cb951f960ba6923d861854e1e656cb 100.0
3161075 1516346538620 1516349699695 891b942f37dbccbf2b404da1b6e2cfafcfdc19b6 100.0
2723929 1516346539028 1516349262957 63f5b59c5461181047fe7d7cc6f9cf72dcce5e1f 100.0
2714805 1516346539385 1516349254190 3e2091e3c0093fd215a15bc78f1173445a8a6e3a 100.0
2707773 1516346540339 1516349248112 3b1c6a5a7d6aa83cff1c9c61518a3d1cbdd06ebc 100.0
2725434 1516346540471 1516349265905 8f1b200a02f449f257545164208f1e36558d162a 100.0
2727096 1516346542564 1516349269660 c07d302d1b622ba0fae5a6f2a5bd4af0f9be3a4f 100.0
2706788 1516346543544 1516349250332 c5f9b2897fb99ca57cdd5148d01f37cef8aecd93 100.0
2701405 1516346544177 1516349245582 7d8b0b59ece4a2037a2e007f137049eaf9c4b5a8 100.0
2701394 1516346544188 1516349245582 7d8b0b59ece4a2037a2e007f137049eaf9c4b5a8 100.0
3292010 1516346544467 1516349836477 a51e49a8362da0a6d230fd0bd03c37944257f99d 100.0
2761901 1516346545307 1516349307208 6fded09734861aa849d613da4ee80774f762e10b 100.0
2739012 1516346545625 1516349284637 bd2ba81a3693aba331221c456a9d6fea4729fbfc 100.0
2799023 1516346546563 1516349345586 eda5c9d7847e712b87afe1585840037bbf7de53f 100.0
2702957 1516346546625 1516349249582 b9403af99c66c0fa1dcccc38c38a037272a16dd1 100.0
2726373 1516346548471 1516349274844 ea2e774c65b867f6ee9a04758ebabc650b21c9ae 100.0
2739891 1516346551445 1516349291336 45ee386bcffb133811953b9b6b1a8eae0a583b69 100.0
2702253 1516346553591 1516349255844 4652d8847ff19a4d705cbce5d769d31541457b3c 100.0
2802645 1516346553872 1516349356517 31d261f7177e71171defeeac174d9019c3e72a4e 100.0
2749524 1516346555300 1516349304824 56dbc7e581ec818431925c29eaf0d3fa0c55d7b4 100.0
2707381 1516346555817 1516349263198 cca46763535d8da1065336785ab25d525fe474a3 100.0
2707381 1516346555817 1516349263198 cca46763535d8da1065336785ab25d525fe474a3 100.0
2706814 1516346556017 1516349262831 59218e4ca0466dc23b82121ee4a707c886d28370 100.0
3552551 1516346557735 1516350110286 bf01e8c5328d0e3a14d7f28f4d07cf0778168916 100.0
2831472 1516346558109 1516349389581 489d851f00c3903fc5d1f910327da5935f50e14f 100.0
2731787 1516346559743 1516349291530 fdcbc2d6600b3da3595557b4f1af97dd3160558d 100.0
2771243 1516346560593 1516349331836 2b632f9c6980dc3baa0f888bf0ef218686a8dce6 100.0
3227953 1516346561373 1516349789326 eab585230100277b73cea39b719420d7772d9aa9 100.0
2705608 1516346562339 1516349267947 7d66cc81ce271157e88b28a33f46c32a44836618 100.0
2702332 1516346562397 1516349264729 58c46ea2e0d1e356e36ed8dc05ad431cb821fa50 100.0
2769260 1516346563019 1516349332279 d4f842474b30a5244be5a1d59727530540b197ea 100.0
2751317 1516346563432 1516349314749 0d8c455e6ae8200a93a49da734b8118d77cecdf6 100.0
2753527 1516346565903 1516349319430 72a7a15ce5e18d4456a8477663d6ae06f0da4ea8 100.0
2855793 1516346583953 1516349439746 48581fbd372df87f8a01d0f23456ff4209819d77 100.0
2721860 1516346591765 1516349313625 fb9ffdeba9e90b44c1a22ea755c72388975c55e7 100.0
2721859 1516346591766 1516349313625 fb9ffdeba9e90b44c1a22ea755c72388975c55e7 100.0
2721859 1516346591766 1516349313625 fb9ffdeba9e90b44c1a22ea755c72388975c55e7 100.0
2723820 1516346593535 1516349317355 56a07d6dfad4043f4905c27bc29c199b25b8e4af 100.0
2725576 1516346595413 1516349320989 053976573a16a0a32d44d29bd0c394cb3e228fd4 100.0
2720184 1516346597514 1516349317698 e160aeba60c05ea163d601bb68e88af822a40c9f 100.0
2732805 1516346600007 1516349332812 668e01dc48c1560de7ecbeeba5638217baf7c8fd 100.0
2702333 1516346602836 1516349305169 2fc7deff9e2d991bb1d217ca13e3ff7ddd246043 100.0
2706102 1516346603250 1516349309352 67799d544ceb2a280e2c5cfc30784509b6395bfa 100.0
2706100 1516346603252 1516349309352 67799d544ceb2a280e2c5cfc30784509b6395bfa 100.0
2715282 1516346603689 1516349318971 2c92258228a411e002effaa7ab995dd29d945c8a 100.0
2715280 1516346603691 1516349318971 2c92258228a411e002effaa7ab995dd29d945c8a 100.0
2732948 1516346605309 1516349338257 2637f83505588a59bde9723053ef441a069872ff 100.0
2732944 1516346605313 1516349338257 2637f83505588a59bde9723053ef441a069872ff 100.0
2707793 1516346607817 1516349315610 81b18d30c734aebff9845df6fcc987bf9654643b 100.0
2710498 1516346609579 1516349320077 84869fd81478a819a33d99365c2a44e3779e4902 100.0
2708278 1516346609730 1516349318008 4948c0578ec9242f6346ad27e654926e5b5aeb07 100.0
2748872 1516346611082 1516349359954 f1d2f675777b7266995e9ae4f0e61b1a8a60ae55 100.0
2775764 1516346613814 1516349389578 0b3c0be02cc8bfe8a3665e67d940a6ef8e9cd93a 100.0
2721918 1516346614358 1516349336276 d848153f8d56392c1db24a9522c3860a1fd792c9 100.0
2721428 1516346615341 1516349336769 64e4dc55d5636c0092854413dc3904f97865361a 100.0
2702543 1516346616599 1516349319142 8713119884b45513ee123429f7e0a24687984443 100.0
2732056 1516346617607 1516349349663 bf9a3c5d99f7815e730e8f94308ac20a33d88c38 100.0
2705234 1516346619208 1516349324442 60671e5d185ffdaa9915d1290a5f0086492cddd2 100.0
2722354 1516346619490 1516349341844 e89df342dc675a9b22c32444c0a266da5945ce52 100.0
2702956 1516346621400 1516349324356 5deb290bb0cf17f1c1d085ae37c4186e32ae82e4 100.0
2869531 1516346625917 1516349495448 12d60194bd40c36d51dc2c94eca8789c96e0aae9 100.0
2741571 1516346627416 1516349368987 52b6e9e07f9ef177660c79c5c443f17ed9640111 100.0
3459018 1516346629023 1516350088041 e7d393ee946228d8ad2717606ebba12ac4cce861 100.0
2725515 1516346629200 1516349354715 9506b353ac6f0bad69838757c82e7884dc5065c6 100.0
2725225 1516346629267 1516349354492 97d314a814ad69ba417d0e6601036968606d49a3 100.0
2869165 1516346629888 1516349499053 46a4dbea3a9f26a63fcce1ba45990467427ef163 100.0
2746728 1516346631226 1516349377954 be31b9c9f30597259bc8ae72d0fbbbe4c6889147 100.0
2745965 1516346631304 1516349377269 c9e6f443c737e5597df8a4e1fe50d885198ca7d4 100.0
3055919 1516346632244 1516349688163 6da2fbccc46dc5e07083b65270390f9ec329e382 100.0
2707126 1516346633808 1516349340934 7f918cade624487ac375795a809f05dfc9697678 100.0
2707126 1516346633808 1516349340934 7f918cade624487ac375795a809f05dfc9697678 100.0
2707126 1516346633808 1516349340934 7f918cade624487ac375795a809f05dfc9697678 100.0
2797562 1516346634374 1516349431936 77560fe73c04e1ce8fbc7844519db2316ed7795d 100.0
2711688 1516346636935 1516349348623 c522e4f20b0f10dc559e66d70e92fb56ae73ec4d 100.0
2776364 1516346637086 1516349413450 9b664005ea0a0ed8a36c57a402b10289219e8f1e 100.0
2776356 1516346637094 1516349413450 9b664005ea0a0ed8a36c57a402b10289219e8f1e 100.0
2765461 1516346640829 1516349406290 69b83e3bff9da593f7e80f1c2449579a3b9e1bff 100.0
2714101 1516346642804 1516349356905 20ffb2d2d70d83dc5a74f195f045097632fda5ae 100.0
2722254 1516346644760 1516349367014 503b3c27d441a412b28ba95b1fac2337ca7ac576 100.0
2840952 1516346645982 1516349486934 e1fa287a9a27d1c144615f12331eb592a0301a59 100.0
2772982 1516346646366 1516349419348 5816444e84cbf401cc0d9903717aa0f6a5aa46b0 100.0
2720968 1516346647118 1516349368086 397f84df93660d54610032a968ff9aa7d4dd0fb2 100.0
2720957 1516346647129 1516349368086 397f84df93660d54610032a968ff9aa7d4dd0fb2 100.0
2768020 1516346648213 1516349416233 34a42e8c094c0aad77f7e9b9fc97fae1095d4e6a 100.0
2843771 1516346648662 1516349492433 87771b98fe53d2c65c90f70f7bb0eec2170cb0a3 100.0
2745208 1516346650511 1516349395719 0891f243ee76b69d6c3fc4f50fbc0391628109a6 100.0
2709244 1516346651177 1516349360421 6d1fc467d87e187756114e6296bb16ee05984482 100.0
2755978 1516346651317 1516349407295 6573b33e6841f605d732a05e73447a64b14165e9 100.0
2718730 1516346651654 1516349370384 6ff23341c65a61587c19d533024b81e6d4a1ee64 100.0
2739447 1516346652036 1516349391483 1908ce7e640b641eff555f78d45735c4d6ffa4ac 100.0
2700875 1516346653329 1516349354204 94eb998b49e5b02d16db950b00251d8bf0829c72 100.0
2771506 1516346656798 1516349428304 494d0b5f188f88b5012581382f4468af68f035cb 100.0
2777508 1516346657446 1516349434954 70aebed299a391c395bd5b6e4dab7a0917ac63c8 100.0
2759046 1516346660315 1516349419361 b88f70f93e254467371e8bebbd0f50022dcbb078 100.0
2706614 1516346660870 1516349367484 ff461476b95c9434fddca0a4191724c5c6af3412 100.0
2764356 1516346666202 1516349430558 ba318738003c170603e16cb09d807c8ed797589f 100.0
2711589 1516346666460 1516349378049 b8ea25a39fe4b1d79dcbd895f28395555563491d 100.0
2778320 1516346666804 1516349445124 3ac2167b42cf3ec6d91c646eecb0827f4cd34589 100.0
3597468 1516346684534 1516350282002 4050c4a1e84177ee6740d89a37eb9e1e4cc4cd1f 100.0
3408486 1516346688025 1516350096511 706a5dc61733d6c827d5213170c873a13ba12d6f 100.0
2702405 1516346688423 1516349390828 d51aa150ab60709d2e4582a7822e072306d9874e 100.0
2708522 1516346688531 1516349397053 9e61871d76a3c8ae9e85be8860f03ba7a04ac1bd 100.0
2817451 1516346689349 1516349506800 008debace10c2c1195908881213c9cba4b72e5a5 100.0
2757229 1516346692540 1516349449769 dccbc39e8cc3707024e4ca686cca1067fda2fc59 100.0
2707416 1516346695970 1516349403386 6da1d20627c237799b2f2f196f61a7906b2ccde5 100.0
2707414 1516346695972 1516349403386 6da1d20627c237799b2f2f196f61a7906b2ccde5 100.0
2726455 1516346696590 1516349423045 9bd7f943e3e207d4ff71e82ff8414ea6cf2c48b1 100.0
2706988 1516346697603 1516349404591 844e78c52f40fd8bab9ab4b66ba73187c05473bf 100.0
2706988 1516346697603 1516349404591 844e78c52f40fd8bab9ab4b66ba73187c05473bf 100.0
2700469 1516346697727 1516349398196 12e517ab5739c87ff2aefe5171635be14cecb7c0 100.0
2927528 1516346698028 1516349625556 8fdad7f015034376de8c64ac9f4fdc857ef31bbf 100.0
2740657 1516346699336 1516349439993 92a9c4c79ed8536e1c3e12e05d94abe518069828 100.0
2701186 1516346702037 1516349403223 214e8775d10181acac3ba2004a6de2ba82ab3d29 100.0
2733348 1516346703847 1516349437195 f3ebfea5f097632d7d6db4edec912c58a1d9153c 100.0
2722264 1516346703894 1516349426158 f8acac4340a42f460aed71e1bed00308436d72b6 100.0
2722264 1516346703894 1516349426158 f8acac4340a42f460aed71e1bed00308436d72b6 100.0
2745469 1516346705207 1516349450676 58b4377cb4b7e5bfab344e53402a5b681c6d5e47 100.0
2743717 1516346705894 1516349449611 76860bf08750cefab9ee5e112b49b5b72eb5a45a 100.0
3173986 1516346707399 1516349881385 6d61729443291afddafe45c596246a16c855b24c 100.0
2750962 1516346707909 1516349458871 836778ace4cd1e7cdf12756bc070c86d44b6c13c 100.0
2739628 1516346709067 1516349448695 867763fc76f6d59493bcc423fbbb094343432341 100.0
2730160 1516346710154 1516349440314 24b602058d391f057662cb5fb212cd0f57980d9e 100.0
2755912 1516346713738 1516349469650 2a6500f7b3fe39cfd3b42f34f34b352a668ec103 100.0
2770126 1516346715176 1516349485302 275ce428648f19edb0f3aa0e76534f62f11f495b 100.0
2757750 1516346715365 1516349473115 d903456ad8c8de1f76e9bc5042f1859c452b5aa4 100.0
2738249 1516346717173 1516349455422 a714b302eb9e5961ee2e6c5912611ee6f7ba00e7 100.0
2731737 1516346717486 1516349449223 9d32d48550ef4838f239c3d4d0a253e06eebc11b 100.0
2737416 1516346718099 1516349455515 3329aa40b5289e16a82f07b5f939eb13a30b8e55 100.0
3589423 1516346718420 1516350307843 cb7d4de02a98e7ab26c330c9be66faa39fe2efce 100.0
2771799 1516346719888 1516349491687 ae200a011f74a5abae552d6bee75aa7beaeae555 100.0
2760958 1516346724948 1516349485906 1747ad29dc577ed9570748a50a941a1c90dfe6e0 100.0
2716553 1516346727120 1516349443673 b9cae726a95f0cec64f15e928bc16385a4418ce0 100.0
2769151 1516346727172 1516349496323 36dccc3ade5660048a63282da93e79877ef68d8a 100.0
2701289 1516346727527 1516349428816 daa293935c9aa7d96e2297837b317d112cbdaf70 100.0
2716863 1516346731678 1516349448541 a3eabb693d7187717a2c9bbb5a0e604dc1b921f6 100.0
2706655 1516346733476 1516349440131 60552576629a52e9f9ff6daa9f82f0a731103f71 100.0
2706654 1516346733477 1516349440131 60552576629a52e9f9ff6daa9f82f0a731103f71 100.0
2717195 1516346737892 1516349455087 e0a680641247cc539b2fdebec8e1836af163c6e2 100.0
2966689 1516346738886 1516349705575 a2aef08aa8afe8818f1188ec6b89345c4b9691a6 100.0
2739964 1516346739114 1516349479078 aeb2456db0eedcf3fe0762ad74b1350c5a0a9247 100.0
2739962 1516346739116 1516349479078 aeb2456db0eedcf3fe0762ad74b1350c5a0a9247 100.0
2703579 1516346742269 1516349445848 3358cb8a5ccfddd8b7e2d608afc814be35fe18ce 100.0
2721722 1516346744105 1516349465827 0157a5adb51d89bfcc30ebf9cce1a16215afa9f7 100.0
2706699 1516346746462 1516349453161 706c2443f92d8acccfc159444c7777f288dee171 100.0
2717688 1516346749981 1516349467669 654d2c7658c89cb8ea77f6875baa662e8f83f288 100.0
2742827 1516346750743 1516349493570 fe1b9f32c473befe56969f0399d40a785632cd52 100.0
2734289 1516346753014 1516349487303 14f48f8918ac31d781fdcb53602524123c70588f 100.0
3344471 1516346753626 1516350098097 544c4fa7bdfdc1f4b4d9063893e654a9a5a7df80 100.0
2788054 1516346756371 1516349544425 2b1c381f142717c97afb688760ccaf104225b772 100.0
2735213 1516346756419 1516349491632 9b5a0e8e30d7eb0b97eb211ed227a2df20b2a937 100.0
3228611 1516346770784 1516349999395 51d69df0a7049bba8ca8726a77c8e32cfe9920c2 100.0
2797065 1516346775149 1516349572214 f96f769a52898b1f7658cf29c34da885c36c0af7 100.0
2751936 1516346775412 1516349527348 ca071628baed0e08e8a738281326f1aff8bbe173 100.0
2719786 1516346782018 1516349501804 4ec206f17b241bf387a45d27f5b2a61e1d977c60 100.0
2719783 1516346782021 1516349501804 4ec206f17b241bf387a45d27f5b2a61e1d977c60 100.0
3101252 1516346782775 1516349884027 a029a3e3560c12f64b601f6f0c484639056faee5 100.0
2708400 1516346783988 1516349492388 6cf31c6031492e71f6a5635eb1298a92377b2101 100.0
3588581 1516346786090 1516350374671 8ab9d759d10e06367da73f266b612da8b0be96e2 100.0
2711408 1516346786918 1516349498326 380e0d77dd64d1b3842116e592873cb48495df62 100.0
2764420 1516346787214 1516349551634 886304e794a41c94dc976b79258f23609152c296 100.0
2708633 1516346788011 1516349496644 cd2945320ab40988b0ce112b1f1256295cc56758 100.0
2705108 1516346789028 1516349494136 7d9cae7a322826e00b993e4223218856e5af7a93 100.0
3585225 1516346789168 1516350374393 2fa9a35d0f755eb6d7a9825a73061a3ecfb81d28 100.0
2758603 1516346789257 1516349547860 3d329cfe825433a26bacbda99b219500cb0526e1 100.0
3293153 1516346789631 1516350082784 7fd42a1488fa0883769cac4f722ae090dfa47e79 100.0
2916336 1516346790185 1516349706521 6a9f16f639a6a357af9b06fc1620394b17619c99 100.0
2712609 1516346792821 1516349505430 ec6a2798994c5058a8ce6946eb5264883ade2884 100.0
2704124 1516346794987 1516349499111 bfa877385d44794c8cd5adee3ed898ccc8f573cb 100.0
2703187 1516346798383 1516349501570 ba64ff7a2cb366c4fd3f382d6ca45c16a32a7802 100.0
3576351 1516346801165 1516350377516 ad20f61b92dc9bf3f8b3b6cb30f6b599842d023e 100.0
2724798 1516346801660 1516349526458 b820a61828d73329f72d2c6fc4ee4ae722d36b99 100.0
3574611 1516346803617 1516350378228 fbaa910aef48a497df7894a4c16d9a0a0653c72e 100.0
2721174 1516346804241 1516349525415 d9a60f61d035d76c7f09ceecf7f308b086a01300 100.0
3148904 1516346806672 1516349955576 5cdda37be3df6761acf4299765ff67748fee9b8d 100.0
2714410 1516346807395 1516349521805 f4a89eedd49f4808ff3ee26e01642e607fa66f6e 100.0
2726243 1516346807731 1516349533974 6a0bbed1ded1fd9b48e39f9dded3497ca307282c 100.0
2770718 1516346808485 1516349579203 8606f5b7c7a51d20fb3a6aa0585da135fba64a30 100.0
3379267 1516346809323 1516350188590 70e452f78be79c4bd4696da77ac96e5a4a6680ab 100.0
3345873 1516346809385 1516350155258 06a31aed8395d7ebec113cb7d72c04941fe5af57 100.0
3277777 1516346810337 1516350088114 f19f73b09b8c1e209dfb173bc6d52c95208a39e0 100.0
2871838 1516346811813 1516349683651 93dab0178806c5ac9a6814a99f0051cfd35a4a85 100.0
2700519 1516346812061 1516349512580 ae1f74bb9af1ef4933834255d73635b86eb97d0c 100.0
2731631 1516346814177 1516349545808 8947fb6fcd290af58fc7518c7a15ff2670e1f2de 100.0
2731630 1516346814178 1516349545808 8947fb6fcd290af58fc7518c7a15ff2670e1f2de 100.0
2888137 1516346814676 1516349702813 8350deaa45df4052522ee3e58ebb90af51efb6cf 100.0
2796366 1516346815314 1516349611680 d769ef846cb0888383f6e3d3065ebda3adef0f1d 100.0
2714927 1516346817432 1516349532359 625bd0947628f2f9fe9eb59ed56707f24c404cfd 100.0
2714926 1516346817433 1516349532359 625bd0947628f2f9fe9eb59ed56707f24c404cfd 100.0
2705105 1516346819920 1516349525025 da52380d1faf6d2c4a7adc37b7479c5a7d5aa72c 100.0
3067220 1516346820989 1516349888209 073f6eee8749ad40cde8efaa0995a3c4a97baa8a 100.0
2707974 1516346821665 1516349529639 1f8102a16fe398266335acfc3bfdfbedc8311aa9 100.0
3455407 1516346821801 1516350277208 c8243643446937b80d699b6395654998a49a4405 100.0
2736047 1516346823252 1516349559299 1440b4e36a9df3d4a9a2e7c59d213de5216684e9 100.0
2731556 1516346823912 1516349555468 e66851047a8c3809d7fb5e52bad903d41c224def 100.0
2721791 1516346824469 1516349546260 7fa08deac5c2f8e64afc866260cb803fc6e5f4af 100.0
2729223 1516346825680 1516349554903 43f0e0c5c0d20b70a3f0791aa29588df412e6a3d 100.0
2750016 1516346826413 1516349576429 38308aa1134c2cd89c64a35c556fe6e914f1e93b 100.0
2703839 1516346832645 1516349536484 70d80a2c7bae9f2049c89f4717bcfe3264ad7e6d 100.0
2780373 1516346833794 1516349614167 886cb8fbe406ef80f6f9566fad58d6cf6c2a9c9d 100.0
2871329 1516346836315 1516349707644 ea7399f80df4bbd9d1188d763fd5f8d40b508276 100.0
2768293 1516346836453 1516349604746 767a34f2f503bff5b95ad80bd7f8ce855f4b9e92 100.0
2765924 1516346836733 1516349602657 39ab357ada307952407c3ad37181d58dda9beff9 100.0
2715090 1516346837316 1516349552406 d7285992ef3aaed4590a8e7178d48665f1e2b8c9 100.0
2714752 1516346839734 1516349554486 83548ad4832a728a99a9b9122d687c0ac9eaae23 100.0
2740662 1516346839995 1516349580657 01a991a8e243463eb8f4a6a42a204c978c2ccd59 100.0
2727373 1516346840822 1516349568195 1d981d0110e46a1318512cf390a5b7a2b6da3f00 100.0
2709490 1516346843366 1516349552856 ed9b3f8da812b420494ab8633e945273c23282d5 100.0
2757812 1516346843641 1516349601453 6eaeb0c9ef48cca5038791cf477f606a9ada2f59 100.0
2776898 1516346848502 1516349625400 9085c107c5b948968b46377098cd222a41a644cc 100.0
2708372 1516346848837 1516349557209 ddc206cdef51834e33b7e95d224598a3163e4f17 100.0
2708243 1516346848966 1516349557209 ddc206cdef51834e33b7e95d224598a3163e4f17 100.0
2717504 1516346850619 1516349568123 82112a370793b41b0e98891fcd8372727eabaa3c 100.0
3020274 1516346867504 1516349887778 aeb835def952d6227893aa45dc4d921c336e0721 100.0
3502756 1516346871630 1516350374386 c8523ea43dff64ad673c412bbb578f729cf064ce 100.0
2704447 1516346872368 1516349576815 0df4af70d468f5c564b675984f40f037f950b938 100.0
2700994 1516346873016 1516349574010 97023af8d2338a38432f9fc898a7d3810817f910 100.0
2719054 1516346873119 1516349592173 38341ac1fdfa289ed1e7c07c097eed554de3f647 100.0
2777629 1516346874005 1516349651634 d20323dbdd06e5bfa4263db25e56e093947fec19 100.0
2743269 1516346874265 1516349617534 bbebb7afb1efb93c629b54668c58b87aa94e431c 100.0
2702204 1516346874399 1516349576603 86d5fd39ce3fabe72bbd2210a2b8a0dadcc0ee75 100.0
2702204 1516346874399 1516349576603 86d5fd39ce3fabe72bbd2210a2b8a0dadcc0ee75 100.0
2738893 1516346876557 1516349615450 97f55feb3bc8d013da3ca06199ca463ba0bb51f9 100.0
3594892 1516346877308 1516350472200 ef382bc9cd10266131cfb1ce1bdf14307aa0f4b1 100.0
2796528 1516346878629 1516349675157 fa85617f86e1a2249b4c451c38a290238552599c 100.0
2700731 1516346880202 1516349580933 b70e412e49d8154c224bf65767291877663c3a99 100.0
2745890 1516346885064 1516349630954 4441d21c01e205c4b37e60c0224db2985adf2a77 100.0
2718259 1516346885327 1516349603586 3d9fac4a2c9154531fea084e5093ccce8140da02 100.0
2728865 1516346888495 1516349617360 44f683fddfcd4ea42832e05910f320308f954c7d 100.0
2728865 1516346888495 1516349617360 44f683fddfcd4ea42832e05910f320308f954c7d 100.0
2702905 1516346889395 1516349592300 4b082452d6534c64c7a8c1238bfd20a93777ffd8 100.0
2748504 1516346890412 1516349638916 79463649c3e3aa83685745dce93724810072fd53 100.0
2741095 1516346894203 1516349635298 2de60bb9b6d3bc169b95e280ed88e21751ac3004 100.0
3557350 1516346895407 1516350452757 3a15d4549596c96380b9fd19813515a1507280da 100.0
2765395 1516346895437 1516349660832 5aa680c5b12f19f20a8982cc56289adb696cca56 100.0
2740422 1516346895608 1516349636030 8988a5013e014f9735d9392d4839ccac289b29b7 100.0
2706865 1516346895727 1516349602592 8b54e2ef808b9094e3116c66f8a79e13036f01e8 100.0
2706861 1516346895731 1516349602592 8b54e2ef808b9094e3116c66f8a79e13036f01e8 100.0
2751941 1516346898231 1516349650172 3360e5d8134e860771f9bfcb90c4dab42f968754 100.0
3538398 1516346900976 1516350439374 d56f07371b2666813c5398e160474ab404101583 100.0
2801412 1516346902423 1516349703835 9852634472a458efb92f7de0b8d69c5e5d1317fd 100.0
2820276 1516346904455 1516349724731 196cddffa29196068eabb2bdd7ecca705829670e 100.0
2710633 1516346905784 1516349616417 1125f88ba1a4068208f7e2c0897fc5a4e0b7c5f3 100.0
2721038 1516346907388 1516349628426 06af3a1ffdf460fc72b1d386b04fd294d1ad6e5e 100.0
3556320 1516346908292 1516350464612 41865243867fbf89b93ffe0de94cb64d51cf6fa0 100.0
2708973 1516346909386 1516349618359 9ec270395fb687b11524d148c258601c9184bea6 100.0
2710474 1516346909414 1516349619888 e38390dc4064d702aede6f4ae8af98bd5965644d 100.0
2812833 1516346909761 1516349722594 6e4cdf7c6e6ceac3d9803be3e8ff60664fb7c67d 100.0
2743255 1516346913392 1516349656647 3d6cf1dec628d39f15c63439502186f642ad8cdc 100.0
2793071 1516346913416 1516349706487 07a3150eba4cb3a03129c99d0e25871b2cb44355 100.0
2739490 1516346914323 1516349653813 047ce6241fa57dd85909a2be088522f3dfe000df 100.0
2709238 1516346916615 1516349625853 3c82c557cae21c39a89bed4c7fd328bbe2050ded 100.0
2709238 1516346916615 1516349625853 3c82c557cae21c39a89bed4c7fd328bbe2050ded 100.0
2785706 1516346917101 1516349702807 03bf03ae1ff14d68ba54cce120db9e450edc0bab 100.0
2785706 1516346917101 1516349702807 03bf03ae1ff14d68ba54cce120db9e450edc0bab 100.0
2749095 1516346917641 1516349666736 26a031e4f09c30c806522ae143d849fed590d233 100.0
2794408 1516346922859 1516349717267 d463292db167352b8aa62bea4f0623774152625e 100.0
3355467 1516346924118 1516350279585 74282854c0ca11a312ba56fd47f6ce94e14eb3e9 100.0
2706449 1516346925675 1516349632124 3736bc8894642ebe11f868536a39823135110b3b 100.0
2776021 1516346930476 1516349706497 0404b931c02c48cba5bb947af7b67b0f4f030411 100.0
2742017 1516346931553 1516349673570 d421575ce9d49a46717969c80e76b3154f867916 100.0
2716540 1516346935917 1516349652457 d836ee6499982a48dd53e15a68b7095051870195 100.0
2767228 1516346936050 1516349703278 448ed94a4a5ecbf80b4f4c41c1cf8a33136cb34c 100.0
2767225 1516346936053 1516349703278 448ed94a4a5ecbf80b4f4c41c1cf8a33136cb34c 100.0
2765077 1516346937065 1516349702142 0ad3b3dcbf6ece4e40b7e302c22b7f72e168c012 100.0
2847449 1516346938087 1516349785536 4b161b46dee0627d03bcd7775684d01de929e21a 100.0
2704029 1516346940394 1516349644423 a7a0ce17b638caa23d31d9a281783b311506402c 100.0
2747642 1516346940923 1516349688565 0cc3d40c860378ee7248727569c09b2ce7c5c43a 100.0
2938041 1516346941285 1516349879326 73f41ef8a3cc3ec4f99376e5012223a4c220b73c 100.0
2702204 1516346942055 1516349644259 f8d56d9f4f11e2f67192e204cc69de632277d478 100.0
2710641 1516346943494 1516349654135 163442710a939e003966daa848baf46b88b72496 100.0
2812689 1516346945873 1516349758562 d919d45cdf498e25051b4ffc2fb068b934369fec 100.0
3599714 1516346968867 1516350568581 bb592710e098a5023f7e38bea984d2253a971163 100.0
2737699 1516346970286 1516349707985 88ee3c7e3ef4721f0d999c5c1c412adfe99c8806 100.0
2784604 1516346972173 1516349756777 83cb48aa5694cff8bcb303aaa80c6d2d7a917f4d 100.0
2712609 1516346972343 1516349684952 c54c670e809379e89820ab59831ece1ad55383e8 100.0
2724047 1516346976361 1516349700408 528a253e3f554f533d3d34545dc6e9771671766f 100.0
2707628 1516346976967 1516349684595 fd3a6cdbb5a8be1cdfdad443b7dd0de2141eb79e 100.0
2706483 1516346977813 1516349684296 9cd84f9811bef5be09cd08d1cd663de3f16378f0 100.0
2746243 1516346978342 1516349724585 051b3af404c9b6b8fdf0f9d8740217b9381665e3 100.0
2712201 1516346979587 1516349691788 769c79a51d41a3693c1014cc4432b4ed8f5b9d4b 100.0
2712198 1516346979590 1516349691788 769c79a51d41a3693c1014cc4432b4ed8f5b9d4b 100.0
2712197 1516346979591 1516349691788 769c79a51d41a3693c1014cc4432b4ed8f5b9d4b 100.0
2753870 1516346979796 1516349733666 a1faa2f9ba1edb069d541d494f6254072aedb6e3 100.0
2731062 1516346980402 1516349711464 60fa8ff067083c7f55201b08615d62ab8f633c03 100.0
2753228 1516346981169 1516349734397 94664d38fbd5d0b8c1681c7bc14a50ffd41cbc92 100.0
2720793 1516346981866 1516349702659 b17e3cec47f800167967ea915642721f2256992c 100.0
2753025 1516346983994 1516349737019 fd8796c87c7c358cdc9abbf2868c1f5cff68c6a5 100.0
3203215 1516346985370 1516350188585 edb6d02be2d7344b2b197df04a6970166b00f446 100.0
2704400 1516346987267 1516349691667 577c2ddb3cf48529faf33532487a71c651ccd4da 100.0
2706781 1516346988880 1516349695661 3e4c039cc7c3551b049f2f85deeb7fb7adbf27ce 100.0
2724310 1516346989679 1516349713989 76b632a29b39c1fa73aacc732d33a387400dbea2 100.0
2712430 1516346990323 1516349702753 aea43da3bf2e316c3a4c7c1ff6e93901e5b5b5a1 100.0
2712429 1516346990324 1516349702753 aea43da3bf2e316c3a4c7c1ff6e93901e5b5b5a1 100.0
2733306 1516346993678 1516349726984 ba0f40ec4b7da4754ba19ef9bd8c51aedbaf8468 100.0
2758980 1516346993876 1516349752856 98bd7d32399abbdcd8b4815593d4147280d4af07 100.0
2742004 1516346995268 1516349737272 4118311e1bca0d7981c494e76c0377c99bcefd66 100.0
2704242 1516346996164 1516349700406 467459f1f43fd25195c9278dc9ea33c90fb2e4bf 100.0
2769164 1516346997031 1516349766195 60e8e31c2726537c590b37fe2cb9ed3713baca9e 100.0
2701959 1516346999628 1516349701587 0282ac76d17c811a45738f8c493ac2519cc7ec49 100.0
3562522 1516347000156 1516350562678 52cd06923fad7a0336482bd69b8babcdf5a88fc0 100.0
2887009 1516347000851 1516349887860 90e5171d692bae9d68400e9c07a97f567cef1a79 100.0
2856534 1516347001002 1516349857536 cecf97957c001735626ea44ffc2de55c7cd81d94 100.0
2710272 1516347007003 1516349717275 1d724e8686aa8988d53505309390779616427237 100.0
2712273 1516347009339 1516349721612 2b984b2114458622cc16fcded296fdfc876fd300 100.0
2855798 1516347009536 1516349865334 af7743ab18e8a7214e80bd97263be9eccdd1c007 100.0
2812140 1516347010328 1516349822468 451429f95992e0e05a6892d6d8eee92280a5fcfb 100.0
2705323 1516347011131 1516349716454 d548fbf0a58e02b9bc68b719fb79731fc8277043 100.0
2709393 1516347013405 1516349722798 43dc2881a004402e4078f6fb2420a06957dc5031 100.0
2981678 1516347014556 1516349996234 a673edddfc0826f8e16f33537f27a646f95354c7 100.0
2736314 1516347014663 1516349750977 1264de42141035da87ca456b0466c64f6817ca3a 100.0
2702223 1516347014816 1516349717039 91c7c5740c9909aedcbb27c6869bda608a2ab920 100.0
2732101 1516347017852 1516349749953 531d2f0a3650210da7d680ac22eec4e64491699a 100.0
2732101 1516347017852 1516349749953 531d2f0a3650210da7d680ac22eec4e64491699a 100.0
2732878 1516347018374 1516349751252 f5438394ccba0f8e7f8b02072425967ebf8ef9ff 100.0
2705675 1516347019870 1516349725545 57c51582b967983e72df36b66b7283a59cfc20ca 100.0
2742331 1516347021032 1516349763363 7bd17fec41a55da8e1ac70acddb445fba254b9c4 100.0
2729622 1516347021333 1516349750955 2121d071cc83b4086bde71788caa7c092b2b9ee3 100.0
2716921 1516347021655 1516349738576 8dba75d2cd9856835e95c59d572602ab18efcd8e 100.0
2713454 1516347022247 1516349735701 f4a9b3f1c0a2306fcb63f6250875decb3cafbe26 100.0
2720126 1516347023960 1516349744086 faa2ceced2dc81b94dc931189499e12e90924e01 100.0
2749499 1516347025846 1516349775345 bc1dbfe751cb54202eed84e1c5bf70298a6baa72 100.0
2708239 1516347026814 1516349735053 5a7370213dec0082bc47f383b4d5af9590b26b87 100.0
2704671 1516347028376 1516349733047 b9e803f4da6791741a78b0586d59bc85c2317ef3 100.0
2705512 1516347032016 1516349737528 cd34b5d87009543e70a076a3026c5cbb606add5e 100.0
2729216 1516347033120 1516349762336 eb0e65179cef88897f213ee652544505f736b35a 100.0
2854100 1516347033740 1516349887840 e82163bd4a252255c57457766677dca31cbe1845 100.0
3058214 1516347038299 1516350096513 8c213006bb1e1942d9e88ae96670125be17a4af3 100.0
2837888 1516347043496 1516349881384 7da3618ba9b747ae02c426bc4a9c31ee676c54fa 100.0
2701361 1516347043720 1516349745081 66fbac98012d7c2ae8c12e7eaca7eb5362e7d810 100.0
2845417 1516347046369 1516349891786 13b55d401d114d9642036f583a18062c1fd83fc5 100.0
2745167 1516347056599 1516349801766 1e089bc7ca95915f936f0115b1a80cb2629001df 100.0
2720594 1516347057551 1516349778145 f7c037aa8a43d65f8527447599728b5b7d4ca3b3 100.0
2744205 1516347057561 1516349801766 1e089bc7ca95915f936f0115b1a80cb2629001df 100.0
2733992 1516347061885 1516349795877 fa5f04df5dcd353d1be5974830cf99338b28eeeb 100.0
2712557 1516347067752 1516349780309 f5f1a808a7fc1c2d973d880a104634bf1ab8678b 100.0
2712556 1516347067753 1516349780309 f5f1a808a7fc1c2d973d880a104634bf1ab8678b 100.0
2703247 1516347068835 1516349772082 7b863f0114d3ed18f69e911bbc7c2ffe79259aa3 100.0
2732199 1516347068957 1516349801156 f64f94658831c213a813c96c919dfe1e96bb8e0f 100.0
2717816 1516347069016 1516349786832 ee47f6e83335c1af16d8afdcc75f11f422d0f948 100.0
2717816 1516347069016 1516349786832 ee47f6e83335c1af16d8afdcc75f11f422d0f948 100.0
2717366 1516347069496 1516349786862 01b1e7642444a8b71417e7acec6b99ccfadd2220 100.0
2717365 1516347069497 1516349786862 01b1e7642444a8b71417e7acec6b99ccfadd2220 100.0
2706906 1516347069755 1516349776661 5bbf98d882a483feffaae16041a1590ce5ed4aa7 100.0
2706893 1516347069768 1516349776661 5bbf98d882a483feffaae16041a1590ce5ed4aa7 100.0
2703950 1516347069982 1516349773932 9a76126042c47170761b4c8ca89703f45d555b58 100.0
2728856 1516347070539 1516349799395 9fba95b2e4a88d43bec21540adfd971ba43e1966 100.0
2867637 1516347071031 1516349938668 72ab854bbc82043d4a294e7d778fe2cb53c4ab7c 100.0
2707051 1516347074292 1516349781343 6d857d201e94645950d6d50d33c26a05d1a5a574 100.0
2718175 1516347074637 1516349792812 3827e0a8f4a5b8c4fd95a051a67e3d2d35606ff9 100.0
2767010 1516347075205 1516349842215 7378701845384b1c79855a8b59f0ec7f80f0e4b5 100.0
2838239 1516347076047 1516349914286 9c2435798ae38ae7046406f455bba61c3d4b8d72 100.0
2716481 1516347076102 1516349792583 8f269e571099bacf801d7c415173fb6a946db1a8 100.0
2776518 1516347076775 1516349853293 8c216b274ad5b21dfd6f197a703bfa2ed4956940 100.0
2704002 1516347078331 1516349782333 0fd766c44ce0cf6853a6c18765242196c4ea9e07 100.0
2913128 1516347079783 1516349992911 ba970dce9d7eac6f51149cf526e6af5b469a1aaf 100.0
3297127 1516347081491 1516350378618 8be8d2c33b923445439febb0e273d198288bd54d 100.0
2703492 1516347085718 1516349789210 f075334d14200fb302606f370747293804c5c003 100.0
2810215 1516347088268 1516349898483 d8d7d1507bd5f87ebf36789cc9e37dc219d9b1c2 100.0
2787863 1516347088465 1516349876328 d48f483da0976c3b29b661bd485e0668304dc1a9 100.0
2700070 1516347088823 1516349788893 e6a8192678b5d96a68d4240df74041f6146656f3 100.0
3579097 1516347092559 1516350671656 349ea53c17f7f55af58d92a6a4b48fb54e5ada40 100.0
2715271 1516347094383 1516349809654 33445a747f4d6f28ac8c0d79bfef12b30da0c288 100.0
2773995 1516347101501 1516349875496 f943921c411460a7b33cf2e3facc0b3e41cb8986 100.0
2754426 1516347105601 1516349860027 875e4dc65bfbe7ea610a9f1202aae8272dea3f91 100.0
2813979 1516347107325 1516349921304 5b04cbd8c78e16e86c783977121c4b222aa870eb 100.0
2705193 1516347108050 1516349813243 42455fca39918d39791458f2f6c6f1b9ca1fef13 100.0
2710239 1516347108953 1516349819192 2663d7fa7e47b1430a122820ec89385965934fba 100.0
2704596 1516347110323 1516349814919 917c14b42cb8ba44c3ec8c171db50e4b88efda6a 100.0
2700754 1516347110423 1516349811177 3d0f38f92c797af7b2483d39df076d06ef877f4b 100.0
3558535 1516347113289 1516350671824 afbad54fc405d4f94592c8015a6e5c4bc9e623f6 100.0
2774186 1516347113742 1516349887928 9a3819f02e5c8d47bda63e855155688bf4e98251 100.0
2779979 1516347114672 1516349894651 3dd9df5f76adf77834dd1d58cdb4bec8f5a500af 100.0
2705921 1516347116431 1516349822352 a813d2f190467b5285e70789311d1b7dd87836fa 100.0
2812519 1516347121050 1516349933569 99e0377785851877b1a032afc031f248dd125ba3 100.0
2763953 1516347122480 1516349886433 d305dad8a8bc60015187eb46c78aaf6ac8e91cd8 100.0
2767545 1516347122997 1516349890542 15dc0c15d56f6e7f363bd1aea788a22e4a2fdecf 100.0
2767540 1516347123002 1516349890542 15dc0c15d56f6e7f363bd1aea788a22e4a2fdecf 100.0
2714719 1516347123494 1516349838213 8b2c9fad4529d412c637764c5be5a6d761bca0f1 100.0
3547474 1516347124210 1516350671684 13f1f70338953a08cfb848cd6f9d4d4f6d841d82 100.0
2963436 1516347124362 1516350087798 e10e1854993ef90f54a3941766121b57f561355a 100.0
2757599 1516347125468 1516349883067 11de886c93ef707e1ea07b716bb9df1d75b6a9c9 100.0
2704326 1516347125771 1516349830097 c05e745d6cbd9f7faeb8ebf47f9a03d9d06fde97 100.0
2704326 1516347125771 1516349830097 c05e745d6cbd9f7faeb8ebf47f9a03d9d06fde97 100.0
2706429 1516347127244 1516349833673 e905f28a8b4f4cfdbdd40d80a304e196e0617be9 100.0
2704758 1516347127744 1516349832502 8c8c10d42f7420c4b9fe6e6b1cc30bca1add0f7c 100.0
2704758 1516347127744 1516349832502 8c8c10d42f7420c4b9fe6e6b1cc30bca1add0f7c 100.0
2771394 1516347128082 1516349899476 88397bb0aad015e7cd19086067d63e93b353e952 100.0
2761755 1516347130311 1516349892066 2da20a82d051deef6f6e1c0b86bda91b32ede281 100.0
2737953 1516347130386 1516349868339 220d7567aa32a9b4deb9960c239e096a25ca8891 100.0
2707533 1516347134182 1516349841715 86a54e481a0e766d3bc6e53fe34fa587d8017878 100.0
3425463 1516347134444 1516350559907 59d5daab781639a04c710a01880fa0af91a05834 100.0
2705220 1516347135538 1516349840758 efb9198ff8fb76f02d4d099f30c632a471bc2a8c 100.0
2705220 1516347135538 1516349840758 efb9198ff8fb76f02d4d099f30c632a471bc2a8c 100.0
2711973 1516347135620 1516349847593 5ea790f002617b8fd686542811130e3086e80cac 100.0
2714062 1516347136401 1516349850463 ad9e79845aac9e3b86352ddaa738ab0ada111b7f 100.0
3240910 1516347136806 1516350377716 67220a61ffa0931d6a34aec000cde3ce9827ef30 100.0
2765735 1516347138041 1516349903776 c68ede86180527ab009398ac0af9d3f007610d1d 100.0
2703153 1516347138138 1516349841291 4a9151baddcba614e6bb449f75c79e6e7cdef4e1 100.0
2703152 1516347138139 1516349841291 4a9151baddcba614e6bb449f75c79e6e7cdef4e1 100.0
2700655 1516347138154 1516349838809 a7e748c20f72673214e829b084139f154a4909bc 100.0
2701624 1516347138791 1516349840415 1cd27a6bf29e9042014708158c5a0057813eef4b 100.0
2742026 1516347139348 1516349881374 1fe54e328d28b08c74116a6f9d9505014bec8963 100.0
2725531 1516347139401 1516349864932 389143e1d2f883ac891610246da19ed4ad74f8e2 100.0
2706910 1516347143515 1516349850425 1cd03cc9ba4a4d47758ec63d98c2401281903198 100.0
2706886 1516347143539 1516349850425 1cd03cc9ba4a4d47758ec63d98c2401281903198 100.0
2707640 1516347146338 1516349853978 8dfeeffd217114c38ca6c9b28d66057c629b7161 100.0
2717915 1516347147418 1516349865333 397f189cc3055b07db48629304769095d668346c 100.0
2705716 1516347167154 1516349872870 eaab503b86fdae93a16ff4673158b4937069cb4d 100.0
2738681 1516347168106 1516349906787 8d4723470f9f0f7f1bebc80c0c4d82950108d013 100.0
2719450 1516347168714 1516349888164 1e26e176fb098dc999f874c5cbb6536fa3fd1e16 100.0
2719449 1516347168715 1516349888164 1e26e176fb098dc999f874c5cbb6536fa3fd1e16 100.0
2726587 1516347170727 1516349897314 ffac74d840471b691ebcd2fd994ff290102dbc8e 100.0
2720163 1516347171057 1516349891220 ba2b2c9ecd62af273809b18abc8746af0a6fafc6 100.0
2769889 1516347171491 1516349941380 fdef71c0a7b4e5d3ddfcaccf8deff9df23ab1cdf 100.0
2728827 1516347171775 1516349900602 a8121b360dbd6fba6999cd0f370f77a7cfde6b8c 100.0
2710531 1516347172519 1516349883050 565ee49057b7e116db2447480aff8156c0195d94 100.0
2707048 1516347176969 1516349884017 353df6fbb5a941ecc926a77342b886d1665fc772 100.0
2719067 1516347177054 1516349896121 8af3cebd129bde7ca84dbb368d91f4cee0bf0067 100.0
2732699 1516347177644 1516349910343 f3493295882f298d70cc87a39bf6e30df5a25b8f 100.0
2749710 1516347178169 1516349927879 945a9e8e974f24dc2beeed78a8dd48216af4558c 100.0
2998699 1516347183721 1516350182420 c68f6ccda35cc078f0e264bd58ade36d8e926e44 100.0
2808041 1516347184986 1516349993027 7087332e3a667fea7b16529e0499f2146f5d0d28 100.0
2713767 1516347186900 1516349900667 b7b0bbbb4297ed4f16f59da906804f2dddd039f3 100.0
2750088 1516347193913 1516349944001 1e0068eeeab7192719ba6b2db4e14f5847a40f47 100.0
2758505 1516347194380 1516349952885 cbae589de27850bb7b689191c814d0306d0eb377 100.0
2757220 1516347196551 1516349953771 3699756052584e64969340b9f956bdab7bf4dc51 100.0
2751473 1516347196948 1516349948421 00b175f47370631408e54858f764dbc5a423144a 100.0
2741366 1516347197631 1516349938997 0021860cdce7ee5b4f224a1c8777e4b7e18f0e2b 100.0
2739078 1516347197881 1516349936959 49ab01ebc863ed8403117951cc7fd3ec537c5b6e 100.0
2710692 1516347198004 1516349908696 de18024a1dbf6446dc478b15ef8f6de8f0599f1c 100.0
2986059 1516347198886 1516350184945 17a95cb6c5315edc1c9fae4cb537566f2cea6d07 100.0
2819675 1516347199687 1516350019362 ed5f866e5f85717c7d876baf9d4bee90fdb31a5b 100.0
2714338 1516347208186 1516349922524 4d19a7bb660c550a116c42c62e654a9d726e0cb3 100.0
3463307 1516347208439 1516350671746 39ac11bda279e004ac16e724921582fdb8f5a64c 100.0
2745843 1516347208788 1516349954631 ae758ad31dfcc1a73cba96b55ecf1de711341171 100.0
2706882 1516347210012 1516349916894 0c8df24fecd8658e93e5b89fe049fbd8b7f278be 100.0
2725721 1516347211187 1516349936908 821177a10dfdd6ecfa23d676dbd8f6f70b5b2a75 100.0
2724703 1516347212188 1516349936891 48348943c49af5f964c136b91f602c4046ef9585 100.0
3352684 1516347214036 1516350566720 9539156494a4ad906a4b258fc7b79f526b2b7527 100.0
2819986 1516347218067 1516350038053 641820288ce5edd7a74a02fea9a9e8d5a97d66a3 100.0
2700998 1516347218303 1516349919301 0d3f19921c426be87ba607ad92d72cd99f854e4f 100.0
2700992 1516347218309 1516349919301 0d3f19921c426be87ba607ad92d72cd99f854e4f 100.0
2712582 1516347219279 1516349931861 9ee6b099c6809d5eda4c0ee8371fb6696c72c2e5 100.0
2772305 1516347222666 1516349994971 58705080934c8612b94460cc24cf0a17f977907d 100.0
2706429 1516347223552 1516349929981 29c05e51c63f395205f8191553f50900a59c973f 100.0
2706428 1516347223553 1516349929981 29c05e51c63f395205f8191553f50900a59c973f 100.0
3586518 1516347225420 1516350811938 07e2591af47ce8c42eb5d13fa8d0aa0536d2776f 100.0
2711586 1516347227849 1516349939435 e749309f60c56b5e0caa06edfbc29c5dbc96f1e0 100.0
2706177 1516347229882 1516349936059 da7e5f29d6a5449d855d641b559a0b4ac2b13717 100.0
2704779 1516347230328 1516349935107 30d061d17154955375a154eec6b8f4b13299f20a 100.0
2727932 1516347231095 1516349959027 9662e1062d31dddb756e3f3e471c18f8dc469cea 100.0
2703417 1516347231898 1516349935315 68e85448c4ae41c18a7354aebb25957501bbeb8c 100.0
2726122 1516347235831 1516349961953 b12333893bb4714327e124e41d0cc41373d387d7 100.0
2719701 1516347243089 1516349962790 0b2bd85665108662ce57224e27816223ade9e708 100.0
2700545 1516347244244 1516349944789 3dbbc2b719e2b056ec3ddf20725ce69919c4ea2b 100.0
2730440 1516347260021 1516349990461 26e5d4608b6eea6428edb80c9ef4f3335205b335 100.0
2717492 1516347270189 1516349987681 9d5ad29b2d01bdb4acdcf5e6c9684338dabfa84c 100.0
2717313 1516347270368 1516349987681 9d5ad29b2d01bdb4acdcf5e6c9684338dabfa84c 100.0
2734548 1516347271908 1516350006456 ebdec8654f67f86c8bc031a788bd9efa9153ed1f 100.0
2731821 1516347272950 1516350004771 e7386e35b25fe9e638cc9c804ba1b0c1fdd7a6f1 100.0
2731821 1516347272950 1516350004771 e7386e35b25fe9e638cc9c804ba1b0c1fdd7a6f1 100.0
2701812 1516347273671 1516349975483 14c63af3747dabc8934322e20aaa35e66e73aec4 100.0
3595690 1516347274529 1516350870219 d04500da442e45d510582da6b6bcbd5572b4ce5b 100.0
2717681 1516347276354 1516349994035 154043744cca50c4eb0c34e18845270c3caf99d0 100.0
2713999 1516347278627 1516349992626 9411627618a021a231afe1e59bea502aaab80e86 100.0
2713999 1516347278627 1516349992626 9411627618a021a231afe1e59bea502aaab80e86 100.0
2729348 1516347279277 1516350008625 934390dc3fbca577ab1848ec0dfa06dd75a68ff2 100.0
2729348 1516347279277 1516350008625 934390dc3fbca577ab1848ec0dfa06dd75a68ff2 100.0
2742761 1516347279453 1516350022214 22ea6011a836eecdb742558f55ea1ad37af619ce 100.0
2712673 1516347279717 1516349992390 c0bcc0d868482c923ac083e947d243722e52525f 100.0
2712651 1516347281254 1516349993905 b66d980e54d299421a47db9daef75345199fa7bf 100.0
2710064 1516347283464 1516349993528 5a7d4969b59e2678d4cb1a63f690e2ea87c1b236 100.0
2799803 1516347284709 1516350084512 c68e731f1637eb568ca920b6104f51f20953772a 100.0
2713099 1516347284939 1516349998038 0b5731092405a0a7a3177b84676f211446a258e6 100.0
3089713 1516347285229 1516350374942 a9e43e622a992e6c36265cbdee78c3a354b6271b 100.0
2702162 1516347285800 1516349987962 70f0781b4b37ef8114d8160e33d68ef83adb006b 100.0
2702157 1516347285805 1516349987962 70f0781b4b37ef8114d8160e33d68ef83adb006b 100.0
2737727 1516347288812 1516350026539 af2fc7352ac3d3d1d8b40806f609aba4d59632ff 100.0
2711048 1516347289026 1516350000074 118fa574c9e2324d4d2b03b460d3f93abe421f7e 100.0
3085475 1516347289362 1516350374837 53f554ace8cb0c405a59016250bb0ac7a530660f 100.0
2765181 1516347289399 1516350054580 52865e6f513c7b2773d8c480e04ee5f9e933ee2f 100.0
2733878 1516347290793 1516350024671 dccff06b4c305114ef1dbf427d7a9e27b562c87f 100.0
2706349 1516347291989 1516349998338 e91af4055a74ab0cae1ed4b597396863c4a4596d 100.0
2710298 1516347293812 1516350004110 2ae2c32cd8c874944b82ddf70e2fb5476ae79a1e 100.0
2714341 1516347294479 1516350008820 09ef34fa1a0eb607df95a5c6d660cb6a93fd2600 100.0
2714341 1516347294479 1516350008820 09ef34fa1a0eb607df95a5c6d660cb6a93fd2600 100.0
2714781 1516347294841 1516350009622 f987bc460b6c3b3af7fae8f6b18913155454df7a 100.0
2709257 1516347297071 1516350006328 e738748a793bc3c3850d0f3f8bd60c4c0f7a473d 100.0
2731674 1516347297480 1516350029154 4d8dbea83bc696d89e0949c81917239457721218 100.0
2701740 1516347297587 1516349999327 d52c813973bfb7f65f43be7c00d0638ee995264b 100.0
2701739 1516347297588 1516349999327 d52c813973bfb7f65f43be7c00d0638ee995264b 100.0
2708300 1516347297808 1516350006108 1be77ffc1257deda1023dfd4e3421277198e88f0 100.0
2708295 1516347297813 1516350006108 1be77ffc1257deda1023dfd4e3421277198e88f0 100.0
3372555 1516347299537 1516350672092 80dbcd1393569ec421942fbb6ff04fab1b5a4ad6 100.0
2754880 1516347301173 1516350056053 a4bb4c0f79e107018ac45d04264bfce516fba97e 100.0
2729009 1516347302202 1516350031211 88e0d3ac365c2b47d03d6b4d045ba8be5a467f1e 100.0
2704357 1516347304726 1516350009083 1008a516511f11926cccd9c3682371bba248867d 100.0
2704357 1516347304726 1516350009083 1008a516511f11926cccd9c3682371bba248867d 100.0
2704572 1516347305862 1516350010434 e954fae9642411eb191e37247ddda6653190ac6f 100.0
2770390 1516347305988 1516350076378 aa990ccc330a72ffe79aead479cab427aaec3ac3 100.0
2700106 1516347310902 1516350011008 7fc5e32f1fc5cbf426bad21c84994cdb365c530e 100.0
2767673 1516347312706 1516350080379 dae7e233681cf65a538a0212cf787dab4b52aed2 100.0
2821050 1516347324559 1516350145609 e51d8861480d6693882032b01c9b61448a540112 100.0
2722106 1516347327055 1516350049161 6cb77fb0e78985fe6b63512e2232d70b9c342cd3 100.0
2728310 1516347327994 1516350056304 5b263e7038183fc9233c29fbe4ad34b5041e4f4c 100.0
2711167 1516347329321 1516350040488 22bbd36263ec6cd71f8ad5b595eb4a8c8d1d1302 100.0
2713234 1516347334976 1516350048210 7e5dfa7d3fc7f116add077bcbd694f359542dac0 100.0
2706769 1516347335344 1516350042113 82c1dea6cc4e347510013671b11b7796e513d2be 100.0
2752091 1516347335935 1516350088026 e0c6d5e9a61be0d598f8e86536248b56cd34d8ca 100.0
2771663 1516347336350 1516350108013 bf58340f98448257659239ed1695d50b01a14e00 100.0
2754229 1516347338742 1516350092971 8c3717a6015f362ad6c9ff6a8c46d643822cb45e 100.0
2723042 1516347338825 1516350061867 5878b0953c66036be93997988e3538c7ffc70827 100.0
2719056 1516347339848 1516350058904 eee0985e897b9f304d5a12736bb7845c3c0223b8 100.0
2704782 1516347341357 1516350046139 4f6d79762cefd6cf1c029b8839d8e88e53ef2f25 100.0
3019464 1516347341387 1516350360851 c8a248e021ecf999c1d3f8f6d61dfe48abc14611 100.0
2720921 1516347345761 1516350066682 79bdbaa947bbf6d0e3af02f3f6d231b8063eb9f1 100.0
2768427 1516347347509 1516350115936 3f2042dfe6e19241eb752758ddde95132fd28e1a 100.0
2767067 1516347371874 1516350138941 1a36b2fa8160847a50b1a9224b9b4ef9b9edb4ec 100.0
2767061 1516347371880 1516350138941 1a36b2fa8160847a50b1a9224b9b4ef9b9edb4ec 100.0
2713872 1516347373481 1516350087353 ed3079c549c4a47400f2bc4341996e8551d6b0f4 100.0
2704245 1516347374001 1516350078246 92c8d20b92ea77c69d663201ed4a5670628c2cdb 100.0
2752714 1516347374289 1516350127003 2a99cdb69d89239111852af20155cc6e967134ad 100.0
2735724 1516347374410 1516350110134 38a3e9107b0731e4be1f61e18585ba792fc53a14 100.0
2711069 1516347375556 1516350086625 b7c58f72ec7733d577dd1264314da9d30f338b1c 100.0
2722502 1516347377080 1516350099582 7358e22266bcb274a7fb4b3569bfbfb6c8d4719d 100.0
2716290 1516347378938 1516350095228 2c98c24ee111a8ccfa5a906612c8debc9d2d0c1d 100.0
2716289 1516347378939 1516350095228 2c98c24ee111a8ccfa5a906612c8debc9d2d0c1d 100.0
2709726 1516347381681 1516350091407 3a41980943d8554d91ca4414e607e77cb7197cf9 100.0
2857127 1516347382179 1516350239306 8e1d9130c76b673e11e68bb91430605ca250add5 100.0
2737477 1516347382345 1516350119822 656942a88f0f63e5d5403f3556c2113d370bf59c 100.0
2737476 1516347382346 1516350119822 656942a88f0f63e5d5403f3556c2113d370bf59c 100.0
2712758 1516347385442 1516350098200 3907e21328c5a93b784f3654d276a41eec485abb 100.0
2735594 1516347386242 1516350121836 9b426fd8eda0b2c7072c1af4e7cbae5d923a1597 100.0
2731232 1516347390011 1516350121243 bd8649081df559fd572554b1be9c0cb0ad5268aa 100.0
2704872 1516347392057 1516350096929 ebdfe91c8d4a4458615565e067230fef7e816a02 100.0
2723487 1516347393596 1516350117083 97fff5c71977be69ca95e6b5a42f15e22dafd218 100.0
2789390 1516347395379 1516350184769 aadc441e031b62eab3ef105a8900e2d8b9dbdf90 100.0
2712267 1516347396055 1516350108322 6c345e17322024c8e062833c5dffd6c58b21bff3 100.0
2701112 1516347396558 1516350097670 7ca34fa00b9741c566dc5e9a5813f5c157f3de64 100.0
2712566 1516347398803 1516350111369 5d6d35ab02ef7569987bcc919551143cb6a34d1c 100.0
2701702 1516347399495 1516350101197 00bab6c0a78f8f97604266933e0174f968d39db0 100.0
3581419 1516347400068 1516350981487 1792a62a6640c23b0a7809b7e3f8065ff9098e04 100.0
2706657 1516347401078 1516350107735 0c391f3c7c20371ffc373b495fc033bfdcb1baba 100.0
2751292 1516347405724 1516350157016 17535d5625a08815d413411f632fb5c7674bc35e 100.0
2718605 1516347405849 1516350124454 27668593e13f18c6923c043fea2a6334df636bd4 100.0
2718604 1516347405850 1516350124454 27668593e13f18c6923c043fea2a6334df636bd4 100.0
2875220 1516347406160 1516350281380 9427e7715e23460be3b31a8a778ce81c05050a31 100.0
2726926 1516347407356 1516350134282 a535d1590230693395fcf147c2a6445777d77865 100.0
2726744 1516347408659 1516350135403 1f9a10a44e0feea9ace07e36ffb4bb9db07cb387 100.0
2741237 1516347409182 1516350150419 9dcea83ca64c34477d2580961de91723745f09bb 100.0
2718708 1516347410528 1516350129236 36da28c17ec0afc3ad2801a55e0f7f84720a241d 100.0
2758742 1516347412023 1516350170765 5304bc4f309ce1a97c37d335421a7dfaf08df74f 100.0
2758742 1516347412023 1516350170765 5304bc4f309ce1a97c37d335421a7dfaf08df74f 100.0
2742968 1516347412072 1516350155040 25094ead12d63614c314880ebc929412fc92ad7d 100.0
2706419 1516347414849 1516350121268 9de8601dc0a8485f22466f31b971022b43504833 100.0
3254998 1516347416691 1516350671689 9b7f7e82c4e0197f0642578b9291820aa76339bb 100.0
3563440 1516347418019 1516350981459 e298d06f333dddf00cbcfefecd2ab800e28e95c7 100.0
2765360 1516347418418 1516350183778 9d751cd346201ab6d3690f8ee1f8e46fa2ded2b5 100.0
2713562 1516347419736 1516350133298 cf9a68fb0fb88a5945004e4a4341c0bd0c6cfe55 100.0
2765354 1516347420567 1516350185921 d57a3454decc94065c3b693ceaee9666cc81ea30 100.0
2733331 1516347425311 1516350158642 931d177c0d465d45960cd5b707598a16e164f478 100.0
2826069 1516347428888 1516350254957 0544582a5d57839d5af178aea32c9ad7d9c4eebe 100.0
2726344 1516347428967 1516350155311 68771f6d653bc8fb02d0fb60b2aebbc9548ca2b0 100.0
2726342 1516347428969 1516350155311 68771f6d653bc8fb02d0fb60b2aebbc9548ca2b0 100.0
2715669 1516347431339 1516350147008 ea972164d72fdcf1dbb875f21aba17532a8f3987 100.0
2715668 1516347431340 1516350147008 ea972164d72fdcf1dbb875f21aba17532a8f3987 100.0
2729809 1516347435541 1516350165350 443e62ef137a36cdda679810039c2346264bd050 100.0
