2833663 1516345132105 1516347965768 ee8533ea31df8fbc8e040c05d35402a8be3b8c9f 100.0
2793814 1516345132993 1516347926807 527c64936a6be5b3ad8fca4ed516c97e718e07f8 100.0
2719799 1516345133752 1516347853551 ba2ba85a5ad159e405e012a3aed6903917c4fa32 100.0
3297588 1516345134748 1516348432336 39acc5164a95618b06ad936adf3d2add25cf541d 100.0
2727028 1516345135906 1516347862934 664ff5a7e9001a7426a3eab9f4c174a3ef384a91 100.0
2745989 1516345136327 1516347882316 3ca6da60cba77fedf42974cdc936c43bc257cc81 100.0
2722103 1516345139779 1516347861882 9f95d17b54b3139c4df66497a5e8a04763fe0086 100.0
2714932 1516345140082 1516347855014 cf043decd204ecd0bbb09e2cd55e02c822cfb0d2 100.0
2745624 1516345140869 1516347886493 50c399f6e4b3819e085fdc0aca33d0bccbdbebe1 100.0
2914252 1516345143138 1516348057390 cd166f466d984b37b99a8da3e14455e1eb416cd9 100.0
3587189 1516345143900 1516348731089 4d157a2f017d5871b88f64d559f231170bfa4be5 100.0
2717245 1516345144131 1516347861376 359ce2b55d9a9195f824cc711b199ff77791f28c 100.0
2717156 1516345144220 1516347861376 359ce2b55d9a9195f824cc711b199ff77791f28c 100.0
2717109 1516345144267 1516347861376 359ce2b55d9a9195f824cc711b199ff77791f28c 100.0
2735866 1516345146085 1516347881951 e07ee0ac42383d1a2b81f22cadfb4efe110c6813 100.0
3599389 1516345151419 1516348750808 a814cf3881a0da0058f834dd5713d4bd88bb7c32 100.0
2704572 1516345154087 1516347858659 c8b1fab1ba79ea3ffc507849f5cad9e756761b22 100.0
2700144 1516345156796 1516347856940 9f6fe6d47474d723ca3f325ae96a23cee068043c 100.0
2710114 1516345157711 1516347867825 ea282cbc9b8f98b5f7797ef2929a57df32c3a961 100.0
2710106 1516345157719 1516347867825 ea282cbc9b8f98b5f7797ef2929a57df32c3a961 100.0
2886060 1516345157948 1516348044008 5035da19525e4f437d8cc8b43cf3e15eff340729 100.0
2705669 1516345158408 1516347864077 32f28efce0a730158958f846a77eb3653c0d8a75 100.0
3589730 1516345161344 1516348751074 2644b6d9e6e3056dbf5d9470252c8f0a66dc7b6d 100.0
3507142 1516345163505 1516348670647 1be77ffc1257deda1023dfd4e3421277198e88f0 100.0
2731886 1516345165333 1516347897219 c6f0a6becf6c9cbc3140bc4f7cea2638b764fed0 100.0
2877117 1516345167428 1516348044545 91c7c5740c9909aedcbb27c6869bda608a2ab920 100.0
2944977 1516345168559 1516348113536 5de09f869c61e8d6ee6540704c481c9a7b033eff 100.0
3144555 1516345170514 1516348315069 3c45ee7e69ebe61cec6cd9911a7b21b54fc9b640 100.0
2708568 1516345197468 1516347906036 5d1417763fa5edc5611a67b5fa175481ee97a8a9 100.0
2786319 1516345198624 1516347984943 7938349ab57f3249802385e10ae4d5038aa84972 100.0
2765010 1516345201654 1516347966664 1a5fa407df9f529a7e8b932a83be9ca59fbcfc23 100.0
3277555 1516345203635 1516348481190 a320db0b9fe5395623fe2ffce07953e2e6fa2d41 100.0
3373719 1516345204077 1516348577796 9f3ab254cf8a2eb18b73faf0bff8dde82e863f13 100.0
2720167 1516345204712 1516347924879 5d775923e6f3991d759bc1e869f95c6ba1a61fd2 100.0
2911226 1516345206697 1516348117923 04360ba8b5505d587aab1ff8c81bba3757f19369 100.0
2720886 1516345207812 1516347928698 cc1db8f776bdc86541142e6b6b2d6ae1b2daf79a 100.0
2709057 1516345208603 1516347917660 7c67a8683b6109913b0612b977e21ae08e5180b1 100.0
2724991 1516345208853 1516347933844 4430d1bfe896db146f955e3b021fd01acf0aa1d9 100.0
2724981 1516345208863 1516347933844 4430d1bfe896db146f955e3b021fd01acf0aa1d9 100.0
2724646 1516345209087 1516347933733 1cd27a6bf29e9042014708158c5a0057813eef4b 100.0
2704073 1516345209303 1516347913376 2802decc22038f25e53042ed38432c41c3e6ae6c 100.0
2742214 1516345209347 1516347951561 d0f32c7bd610769bdff428adc1347c348d6d51a3 100.0
2738653 1516345211395 1516347950048 d61553a5e01a66cb628b82e8c0052c9e59325062 100.0
2712444 1516345212270 1516347924714 feb23ae79cc4a303e0c282b8fe024ff2f52bf691 100.0
2711983 1516345212731 1516347924714 feb23ae79cc4a303e0c282b8fe024ff2f52bf691 100.0
2723036 1516345214513 1516347937549 4118311e1bca0d7981c494e76c0377c99bcefd66 100.0
2722419 1516345216461 1516347938880 556553923acf2d16aad6abc3817d59053c470d1a 100.0
2707052 1516345216463 1516347923515 7597d7a39929d9d288eeb8595d6451c7d14398da 100.0
2705919 1516345217596 1516347923515 7597d7a39929d9d288eeb8595d6451c7d14398da 100.0
2704991 1516345218998 1516347923989 f8806db5688e7bbd920008981dc9e5761ab8a0e5 100.0
2704928 1516345219061 1516347923989 f8806db5688e7bbd920008981dc9e5761ab8a0e5 100.0
2727356 1516345221203 1516347948559 77b0ce6c7f5f19d7a51e683dbaaee103991a7da0 100.0
3006821 1516345221845 1516348228666 0d029348b4b196b298f84df29d21a68064dc6dff 100.0
2711796 1516345223493 1516347935289 ee48b38560caacc7f538a9fb057ddaf8ad63b21b 100.0
2708201 1516345224468 1516347932669 133a69840acea66b7e29fc1689daecba29a35b7b 100.0
2710700 1516345224589 1516347935289 ee48b38560caacc7f538a9fb057ddaf8ad63b21b 100.0
2721387 1516345227797 1516347949184 4b66bb94bd649a71ee4be40b85168fd3e6059a36 100.0
2719974 1516345229210 1516347949184 4b66bb94bd649a71ee4be40b85168fd3e6059a36 100.0
2746030 1516345230537 1516347976567 d8651859f547f94b9bd399a536c9185398247746 100.0
2717091 1516345232619 1516347949710 8aa1ca973ac75bd5b54e1b6fb4fd97dbe87eb13e 100.0
2738911 1516345232756 1516347971667 6c6f42e7c61b4032729d86c64938367439ec59cb 100.0
2714954 1516345232897 1516347947851 d97c9ab05ba451e5b9929b8192ce6fb89afa914e 100.0
3596944 1516345233400 1516348830344 cb2fa8bfb6023d1ac00a4f4b3df85cc83b2103fb 100.0
2729247 1516345234105 1516347963352 9cc1e17d07108b503d45c43a0a5cce048f31cb4b 100.0
2925600 1516345238665 1516348164265 cbcde5db2dfc5942e090973f61b5b1b0a4ce9585 100.0
2719650 1516345238973 1516347958623 6e30cf5e8fbb91a25eb1b1ee326b81e50dec3715 100.0
2733903 1516345239365 1516347973268 8c871d87c16737a51749b02dc4cf1b240a19619a 100.0
2887025 1516345242187 1516348129212 67f1c5dbc797df5e906de6d01f6b233874bbc739 100.0
3586283 1516345244044 1516348830327 c7671ca49bbfdd013aa6d670ff90686a9ebcdc87 100.0
3241851 1516345244874 1516348486725 f903b12362a8c87baf3bfbde202d7b8ee2d1815d 100.0
2781355 1516345246169 1516348027524 3de2367ef511f28488f328862d958eeff13baf0d 100.0
3481837 1516345247672 1516348729509 2a122d9eb523cc466820daf8a65c05e737004863 100.0
2702007 1516345249744 1516347951751 f9135bfb410767506a021d58a1fae0193ddef3c8 100.0
3051368 1516345249890 1516348301258 152fb3f1e4695079239e95c161fb038fc5935d4f 100.0
2894798 1516345249978 1516348144776 86009e5a7348ea8ebab1321120a9838bba9a7fe1 100.0
2715456 1516345251323 1516347966779 347c1b5018fdaf34e202d232579c7d5b2cc80492 100.0
2882094 1516345252430 1516348134524 6ff89abb3ba4fc00b305ca434114f2e07016e0d9 100.0
3587102 1516345252903 1516348840005 f5c81ecbee0d9bb54cc71eb215c2fcace77d369c 100.0
2804362 1516345253530 1516348057892 ca62a8d5b0658dff0ad111f77f5921c3f10662ed 100.0
2713187 1516345255250 1516347968437 ff2076561e6cf7828d8590c1ee4f13374caa2266 100.0
3487897 1516345263284 1516348751181 69b4389cb2b283e8466e7a1e4b9208ba8baef4cb 100.0
2769206 1516345266877 1516348036083 5bbcff880f0668d852ffb5bff30f15e899143160 100.0
3209790 1516345271506 1516348481296 725b4331221fbf5c5906e7d5dcd534c854267a05 100.0
2779438 1516345272528 1516348051966 0c9442b10ef5bd6b287b2840f5160d3efdc4fed9 100.0
3475967 1516345273694 1516348749661 5c307017e921885138ec0873c7cec2cfb3d156b3 100.0
2727075 1516345281690 1516348008765 c7b54a13105ffa73dc7e9c488f88468ff4279afe 100.0
2739657 1516345283250 1516348022907 561d3c17e4d10a92d320d6a777e7fb5294c0b31e 100.0
2715239 1516345284032 1516347999271 3002d91a123fa56bff99b5cd5ae02ff7f0bca365 100.0
3020539 1516345296437 1516348316976 4cb4280264359bd1d129a084dd560044a722e2ea 100.0
2846299 1516345298137 1516348144436 e36806f341b1e40a58fad5a52d795b05a1bfa352 100.0
2714202 1516345298438 1516348012640 ef4a58af12b80f95d913ce8356fa72fba47fe622 100.0
2740173 1516345299159 1516348039332 226af0b65019a5782e7fa67eec2e48febb6e831c 100.0
3073970 1516345299799 1516348373769 597fe5e96d480b551f2c6987cf0db947700d3910 100.0
3073965 1516345299804 1516348373769 597fe5e96d480b551f2c6987cf0db947700d3910 100.0
2729250 1516345300184 1516348029434 0637c6d1e6e7e1ea0fe530aca446406583cc16bb 100.0
3539531 1516345300396 1516348839927 133a69840acea66b7e29fc1689daecba29a35b7b 100.0
3539529 1516345300398 1516348839927 133a69840acea66b7e29fc1689daecba29a35b7b 100.0
3275861 1516345302318 1516348578179 cff7ec3cf14abea0894bf998ef68301abe26fac7 100.0
2741444 1516345303468 1516348044912 2b0e9ddc91cc6337352adfdeec92ea60ca3abb37 100.0
2741433 1516345303479 1516348044912 2b0e9ddc91cc6337352adfdeec92ea60ca3abb37 100.0
2741433 1516345303479 1516348044912 2b0e9ddc91cc6337352adfdeec92ea60ca3abb37 100.0
2712099 1516345303903 1516348016002 a815e03d89074d7ea31c27d26d8a6f5b957acbee 100.0
3533386 1516345304532 1516348837918 d5ecd33465b466575c0c58058060b44b02a9d73d 100.0
3533301 1516345304617 1516348837918 d5ecd33465b466575c0c58058060b44b02a9d73d 100.0
2738561 1516345306056 1516348044617 07beb645127870a94e5e48818dd332f4ddca9a10 100.0
2762589 1516345306269 1516348068858 5cdda37be3df6761acf4299765ff67748fee9b8d 100.0
3596678 1516345306278 1516348902956 a40527e239b800608e9b8b173c3803b68f5ad6ec 100.0
2725530 1516345306280 1516348031810 a1c82477335bf5a047a22875e87809f05e5ada78 100.0
3596654 1516345306302 1516348902956 a40527e239b800608e9b8b173c3803b68f5ad6ec 100.0
2762478 1516345306380 1516348068858 5cdda37be3df6761acf4299765ff67748fee9b8d 100.0
2741158 1516345306548 1516348047706 d4776e593dbae6a85228977f5cff1b73d5c83ee5 100.0
2782218 1516345309168 1516348091386 909763f141817f9de5c2962b3c5073a6f213fb6b 100.0
3001043 1516345311402 1516348312445 4fa2e2f1f4463a3902f0345b50855b2d214de522 100.0
2740641 1516345312536 1516348053177 ab6d5cfce54c48f1fe46bf224576a3a8b1c2fd55 100.0
2740605 1516345312572 1516348053177 ab6d5cfce54c48f1fe46bf224576a3a8b1c2fd55 100.0
2705246 1516345313575 1516348018821 4d19a7bb660c550a116c42c62e654a9d726e0cb3 100.0
2704831 1516345313990 1516348018821 4d19a7bb660c550a116c42c62e654a9d726e0cb3 100.0
2721824 1516345313991 1516348035815 751c3aa8b3a1e8eb65dce87b7ac34bbeb7dcf4bc 100.0
2716480 1516345316460 1516348032940 b47ea51cf5c217ddf42d3a797a73239d2a1bdcb2 100.0
2729646 1516345317698 1516348047344 67c8190673f45452a3b6f756c4ba5582fef58c9a 100.0
2705839 1516345321887 1516348027726 bd480cf3880113637d0665d836e0fe439dfab771 100.0
2713664 1516345322003 1516348035667 27b71fbf44a2d9bc73d4ff5eb5fdc21d2f222b68 100.0
2717916 1516345322787 1516348040703 79d8acbb69130e5431766869ad4c4a3b1895411c 100.0
3034240 1516345323542 1516348357782 d0f4849ea14ebb218bc9c1e85da5433f4aa8ead5 100.0
2888720 1516345327958 1516348216678 92c03ad98a48fadf1b93a4f64cc56646a3f169ba 100.0
2888695 1516345327983 1516348216678 92c03ad98a48fadf1b93a4f64cc56646a3f169ba 100.0
2843124 1516345333081 1516348176205 c2afe0608eb9aaeb2c50c56c3a1ac931398d6650 100.0
2729484 1516345333693 1516348063177 588cb4a5f7cd51b5abbcce709a11891257b42d4d 100.0
2708012 1516345335552 1516348043564 f36df18cb78fc7d50b7285b385ab568b872e92b8 100.0
2708005 1516345335559 1516348043564 f36df18cb78fc7d50b7285b385ab568b872e92b8 100.0
2708004 1516345335560 1516348043564 f36df18cb78fc7d50b7285b385ab568b872e92b8 100.0
3242571 1516345335667 1516348578238 3912359f759a88a4656d88654cc83bd540d3c24b 100.0
2721680 1516345335827 1516348057507 1a3a2abd3415e37062e6842d946833295981b6cd 100.0
3590363 1516345337985 1516348928348 eedf9e96ccf1958deddda7d73494514607d52c12 100.0
2709732 1516345341934 1516348051666 7f5d547efb08613f78c1d313175ba18db772bf86 100.0
2733616 1516345345570 1516348079186 f6a0c4a4f002dc25270e2c36186377c82058ec4f 100.0
3136370 1516345346356 1516348482726 7431e45708ee55398ef3a92778a3e7462d3ca5e4 100.0
3136364 1516345346362 1516348482726 7431e45708ee55398ef3a92778a3e7462d3ca5e4 100.0
2823480 1516345350694 1516348174174 4ddbaacfd619ba60eaef86afd605dce23c7a1cf8 100.0
2779431 1516345351024 1516348130455 bbde1ecd58e26435f1bd3690486a10d0eed02478 100.0
2730622 1516345352482 1516348083104 06ee38569ea4a68268526691ddb98a9ea469640b 100.0
2705030 1516345352485 1516348057515 b42bfa93aa64ab4a864d75d99ce0b3c03424ea92 100.0
2705679 1516345355275 1516348060954 1f031832d744cb6d45507630c1a9d208face464b 100.0
2754614 1516345367900 1516348122514 40cf421cab9567ba8ca5eda953aea0a9668e45ae 100.0
2702081 1516345368092 1516348070173 e3c6c0f1f3712649688c8f25128d96c436c36e25 100.0
2702078 1516345368095 1516348070173 e3c6c0f1f3712649688c8f25128d96c436c36e25 100.0
2879336 1516345370945 1516348250281 97303ab95e70ac64c9dda82aba21ce32c179bd77 100.0
2763446 1516345375715 1516348139161 c3be6eb1a64e5805c30a0d132bda7433708b4bcb 100.0
2717010 1516345377075 1516348094085 f0dc27769bf5b18a5508635c706bcd80d8a1ff9b 100.0
2836519 1516345377953 1516348214472 5cfafd86daa5c2df27d71a33e15db4aaabdb0472 100.0
2706269 1516345378887 1516348085156 b3666c7555c416a99e7d092e2fab465777a1745d 100.0
2756937 1516345378917 1516348135854 1e2b650836dbe4cb50789644e311291047707842 100.0
2718106 1516345383134 1516348101240 04807b021f35a9bdb97f780e97fb3576b4d41a22 100.0
2713714 1516345385997 1516348099711 66578d45a93e577a39f17e11223027b3fde38325 100.0
3565498 1516345398173 1516348963671 89acdd51c73a16b5586c57a117a3b256bf81ca2c 100.0
2752146 1516345398646 1516348150792 6b6c68ff6866a4bfe44023a5d235d324fc33accd 100.0
2735411 1516345398873 1516348134284 a7b144628824047ee4b66729eed1701bdad5448e 100.0
2735411 1516345398873 1516348134284 a7b144628824047ee4b66729eed1701bdad5448e 100.0
2708519 1516345399779 1516348108298 a3bc11750d86aaafc87519fca3c66ff46bf674e8 100.0
2795432 1516345404999 1516348200431 a60cdb5e91a9c0b929da4d214653a3d523bbdb9d 100.0
2730924 1516345405264 1516348136188 7aa7d8b50a03706d1e2f4f8d8a8983f32c3d4bf9 100.0
2700748 1516345406240 1516348106988 c651fe8906f16a2829d5879e9066dc5eadf45a7a 100.0
2922302 1516345412952 1516348335254 b6ffc9f9923540be9c89d266b0659da0beafd3ed 100.0
2814762 1516345413544 1516348228306 0bddc961d57e66bcc46e96d5e83052785743480e 100.0
2721490 1516345414557 1516348136047 67052c4e8885ef920fb4335b6e8f9b2b00ae58f9 100.0
2902109 1516345416124 1516348318233 39fa2071cbbb83238644285a3c3945980611cabd 100.0
2704270 1516345416548 1516348120818 b106c0872c5233a89213a05c4045320b00762534 100.0
2899976 1516345417044 1516348317020 39fa2071cbbb83238644285a3c3945980611cabd 100.0
2703374 1516345417350 1516348120724 caba587f2a3f46dee989bfba97b0a57a626ecd82 100.0
2700121 1516345418526 1516348118647 972e80a88249fc97ed750eb1a414dc6173ff1a5e 100.0
2721917 1516345418689 1516348140606 103f2b0bace5e0962088a5edf3ecb125422ee621 100.0
2721532 1516345419074 1516348140606 103f2b0bace5e0962088a5edf3ecb125422ee621 100.0
2803808 1516345419218 1516348223026 ec03f0ee5b11a0cce422a43261757610db8c0487 100.0
2713986 1516345421869 1516348135855 e152a6d9fb51abcc1b19ad186e2a4fe6e7ab3322 100.0
3063025 1516345423670 1516348486695 3d61032a20ca3594cd6be47864dda0328edb2d1a 100.0
2725769 1516345425372 1516348151141 be9b97e6f25bdd0ea8b1b66402635be41fceb436 100.0
3053599 1516345427656 1516348481255 4c5e9dd27a2e9c6c23bfc83bd2cf19041d4862f6 100.0
2723706 1516345432238 1516348155944 e8294a8c770624eacde3bfa08501e79fdc4c388b 100.0
2707328 1516345433234 1516348140562 90dfe5100c9db0249ae4157c439f3eb9b7811f72 100.0
2724033 1516345434972 1516348159005 903346c86095b1dc62a5aec1e62225d517db3858 100.0
2760161 1516345442417 1516348202578 66c6aeb5247a540199565f316ab963a157d87778 100.0
3037467 1516345443742 1516348481209 ed08cf540f28f6f05549d6c3ef5cbeddb2681903 100.0
2766722 1516345449150 1516348215872 ec131b65c597b4a2e9377e2105fe0383a999fc86 100.0
2767155 1516345449509 1516348216664 f7489b9023c06eb1c6554284839163adc859137c 100.0
2877807 1516345452319 1516348330126 2286ce918116c2c5a8b3e62a94769972e66e5a26 100.0
2763617 1516345452937 1516348216554 87e6e9cba6d196f396fb21ca9c57cf28477caabc 100.0
2713562 1516345453800 1516348167362 e5bf1a30f6b7de9c1336f05b449a726e673808fb 100.0
2728699 1516345454236 1516348182935 5ed7cb360dbd3d5047e85213e710715c765d5cee 100.0
2862572 1516345454469 1516348317041 2070f00e433387ebf9ab4e819f335557a2951d0d 100.0
2862541 1516345454500 1516348317041 2070f00e433387ebf9ab4e819f335557a2951d0d 100.0
2860044 1516345454564 1516348314608 badb8c440d5bf028b3550f2f7755c8a6c42e69dd 100.0
2702798 1516345456472 1516348159270 8973411368e578e47db8e244a7417df96e1bfc82 100.0
2702768 1516345456502 1516348159270 8973411368e578e47db8e244a7417df96e1bfc82 100.0
2790367 1516345462169 1516348252536 9219c470e060d34b4ff7f1c2bec945f8949e57af 100.0
2918605 1516345464658 1516348383263 c7e771c454031d977c34e69c3b5289e1372d59f9 100.0
2710592 1516345472092 1516348182684 81d89d8eadad9254e87a33261240676fbcb39e0d 100.0
2774182 1516345472871 1516348247053 dc148ab588923011f9ae1bd0cd169746bfbe59db 100.0
3064658 1516345473186 1516348537844 2e093bae8ec3e05c872fecb4212f1eaa57077bfa 100.0
2859939 1516345478062 1516348338001 718181533a605a5b4f6a911d7eeec452c45cdfbb 100.0
3549293 1516345478063 1516349027356 8f3093b8160c86b7ad34c62c152828e721a18c2a 100.0
2700687 1516345478289 1516348178976 b6c816535b3d3cc88aea4c9dbce91483713600d5 100.0
2779048 1516345483801 1516348262849 ca6dbd4d61d140b6313bfd807ec72e6565a53d3c 100.0
2832881 1516345484196 1516348317077 7fee39f336abc787cb5c5e9fd2761c4de357e8ec 100.0
2717260 1516345484404 1516348201664 ff15757f014b44980ab15f5f2ed43e4dc0b04ba6 100.0
2727706 1516345484729 1516348212435 2dd85ab5edec37e173b8e1be7400ec40da0908f8 100.0
2749880 1516345485306 1516348235186 3096c24d9638d3fa4f5a5b1199669d66a68677a4 100.0
2717797 1516345487594 1516348205391 0262e5a2e5e737abc413d231e7ab682d99bf135b 100.0
2739190 1516345489147 1516348228337 cbb5c1a2e2db00c756bf89fb80f75d7f87b718d4 100.0
2707972 1516345489270 1516348197242 29996244639f34f9237dbae80e7a80e459a8be00 100.0
2702413 1516345489421 1516348191834 a7f4be157c94a7462926dbf4908f44d0581072be 100.0
2829470 1516345490148 1516348319618 cf33ee2e7e86860a35e2bee559bba15640b2c744 100.0
2732171 1516345491341 1516348223512 46fb1798a594b12406f04ca18b77f0bd7df064ca 100.0
2703679 1516345493833 1516348197512 e6dfd5063adf8f8fe1c2efc4e06d257aac33bd20 100.0
2810048 1516345493942 1516348303990 f7712f3ddab018f6a57496c081ae0e44244ffc9a 100.0
2766501 1516345494556 1516348261057 227317cba0dbef3a88c9613294b7d04083c1a048 100.0
2753306 1516345498101 1516348251407 b7ec7bf54e021a550146ce9f0be6e809b484a9fc 100.0
2748887 1516345498103 1516348246990 338d1641590d6f0218c84f51bdc62030bf2cff44 100.0
2743498 1516345501025 1516348244523 3d003e529fee508cf349e535e1a35abb013e0afe 100.0
3548449 1516345511765 1516349060214 e0523cf86d2a82a3ac4b0c094ac2ba5cd4f54ca8 100.0
2707736 1516345512044 1516348219780 bf9382a73562f45f6e51b3b84707639e0dd6580e 100.0
2707549 1516345512231 1516348219780 bf9382a73562f45f6e51b3b84707639e0dd6580e 100.0
2700329 1516345512235 1516348212564 79213ecf7eec97e7fc83882a50ad29e924c709e3 100.0
2711820 1516345522134 1516348233954 16dc7c8da302d0029ce0e095e1f6ef50aa01282d 100.0
2714829 1516345523501 1516348238330 ec6154db36393e8f50664b4acdcb68347c632918 100.0
2714821 1516345523509 1516348238330 ec6154db36393e8f50664b4acdcb68347c632918 100.0
2794131 1516345523909 1516348318040 4a9f547f7aa570fe107e286721ce7a21e6d455fc 100.0
3053885 1516345523945 1516348577830 ed173f83777f2e88cdfdfc97fa94a8e131db2780 100.0
2705139 1516345526049 1516348231188 df07f3966719e33d056993eb5cd47edb4ba40d8a 100.0
2721157 1516345526370 1516348247527 288945cbcb8429f29d09d421074a0e741337c0b0 100.0
2708602 1516345526665 1516348235267 3a5f0afbbab17d74cb40a4bd503c80da8f4e25df 100.0
2784902 1516345529744 1516348314646 2ce3e3bae4009e8a96699c118cb79cd36c6c1b73 100.0
2772106 1516345533306 1516348305412 88474a4a7f2b57204b3157a6f23d467995142ff9 100.0
2701267 1516345536698 1516348237965 8c83604d1da0bfd483704822cf48f5565e0d37cf 100.0
2738815 1516345537288 1516348276103 92a5def0f4bdd9e076f73f8f377d0a9646ec3494 100.0
2712099 1516345537343 1516348249442 3566424a78abf3099171074c2181a019821ffcbb 100.0
2823125 1516345538201 1516348361326 b67bcbca90ba36c0d7ad326fc9d5cd8dfe44c1db 100.0
2738163 1516345539987 1516348278150 b7cc9a3d9cf5fa24c769e58248056896d50fb090 100.0
2738154 1516345539996 1516348278150 b7cc9a3d9cf5fa24c769e58248056896d50fb090 100.0
2704215 1516345542341 1516348246556 60068d9f2163d66ef6688f42e6ad380b01269697 100.0
2762925 1516345543749 1516348306674 923d293734f63ecd6fdc73429ac55acd3317e251 100.0
2771671 1516345546365 1516348318036 b596c23fc7b6161f44b480556376b28d9ef5aefd 100.0
2712574 1516345547022 1516348259596 4660022b92d42a7475d86fdc5711f3f5c58fc1a3 100.0
2734708 1516345549804 1516348284512 ebe97cf0b5e3eddfeb00735385ad4b3b84dd5abb 100.0
2714543 1516345551970 1516348266513 d052cd5201c91be5c619ad8f11b808d56d87a5ac 100.0
3567160 1516345552104 1516349119264 6ceeb36e7c204465f92d4f37ed3303c2865eb774 100.0
2728819 1516345552467 1516348281286 8676a7597f6b84cca61b5cfb062b673b62020c9b 100.0
2701412 1516345552567 1516348253979 2cb57c7635d0dacc17128ea5bfb094635f1ed02c 100.0
2703655 1516345554769 1516348258424 3fd7b502c372cfe3d4aa6bce099da192e23aac77 100.0
2703651 1516345554773 1516348258424 3fd7b502c372cfe3d4aa6bce099da192e23aac77 100.0
2923006 1516345557033 1516348480039 377756ab789318b9e0b62a1f9f19bd44dc558b87 100.0
2725381 1516345557366 1516348282747 1032cd5631496227e0cc573b0d41a176af6a9dc7 100.0
2779509 1516345557528 1516348337037 ed30bfabaa04e99ba2cc5975eb53d8ee3c041460 100.0
2708018 1516345558835 1516348266853 39b86cd62dd9bea6358c2c7b69f3d4888118ae69 100.0
3275793 1516345564180 1516348839973 c1cf33b5026a86cd21f03e089f7f0a514ce5bc52 100.0
2755082 1516345567541 1516348322623 97c6ed6032f62969b0541f203d62597f8181b66c 100.0
2769090 1516345569899 1516348338989 699a04c422863b528835827f485c0689ede14195 100.0
3266634 1516345573296 1516348839930 56db72bf2a0c9931b073138e422c7009f3fc7568 100.0
2910118 1516345576356 1516348486474 daf089871f28c2dbbc87bc5ce0473f4b56d11da5 100.0
2732898 1516345590227 1516348323125 cbabef4f5898a84ebdfdf998f32804596d80781f 100.0
2720307 1516345590728 1516348311035 ad30e774197a2df9ff974d3b65b29d6562dd3dbc 100.0
2742579 1516345591356 1516348333935 fc53ad834c6684da97db40668ac05715c3349f3c 100.0
2746198 1516345600105 1516348346303 8dcbb5ddbbc5fce87ae89d35dbde3023c2e8329e 100.0
2707102 1516345600156 1516348307258 ccf891eb94fe921dc1ad15d26c8a35a8cc368594 100.0
2705481 1516345600478 1516348305959 dd823b4bb47635008ef8e84d2ee5d308f15a0f1e 100.0
2706062 1516345601581 1516348307643 7b58419aa4bf4602a999a9cbb01529ef9e47ad66 100.0
3147922 1516345603185 1516348751107 fed573b2ee2d182ac77fef4e061cbbddaf26375d 100.0
2812743 1516345604292 1516348417035 bd65e2ccca374584225a9bbdff1877947f561344 100.0
2712987 1516345605197 1516348318184 9399d512e0e90db4fab9978c27a12de4c612d68d 100.0
2717440 1516345633137 1516348350577 6cd1676e0c5be4c0edf2b811c13243ead34d9e57 100.0
2712188 1516345635316 1516348347504 b9a5ad8d89a38a8a9bc121d838e551728aed62ff 100.0
2700708 1516345635387 1516348336095 79707044f153b3f89aca4553a333523f2b989d71 100.0
3576889 1516345635886 1516349212775 3e94ee90682958682fe7715b444025b664df5545 100.0
3575648 1516345637356 1516349213004 8686d9d452b0981e5f86da97e9136ca6a886cae4 100.0
2762273 1516345637389 1516348399662 13563bdf8bc08e06d69c227ccbc08d58b703499c 100.0
3575613 1516345637391 1516349213004 8686d9d452b0981e5f86da97e9136ca6a886cae4 100.0
2704756 1516345637554 1516348342310 f26b72e846a0c1afd978dce8754d5a2ecf96d501 100.0
2941314 1516345638231 1516348579545 ae46011f6f3e1a35a0479ad815de2be127c01211 100.0
3594436 1516345639853 1516349234289 5f7344671e5bd307db0ade33fb0c66a9888b29ce 100.0
2756688 1516345640724 1516348397412 5e418b83fdcae2aa5dd74f5542d959203b9ab9c8 100.0
3238250 1516345642698 1516348880948 e62d5cfdcfd0033a3a264538622b31992f407e3f 100.0
2744332 1516345643933 1516348388265 0bd978466f1f8827b56d06f5f24d3fba85b7564f 100.0
3575959 1516345644523 1516349220482 31299eea270cf29989cb752c21fc60969d0cf855 100.0
3566695 1516345646001 1516349212696 41f3c6e89f46624b1222214064b8c046102a8d63 100.0
2702576 1516345648098 1516348350674 a7b011dc39035fa29eb8df9db7c471ff5b30ff60 100.0
2702573 1516345648101 1516348350674 a7b011dc39035fa29eb8df9db7c471ff5b30ff60 100.0
2794460 1516345652049 1516348446509 7c726f4c560f95228dab2f6ab59c6af9a3a116af 100.0
2700260 1516345652654 1516348352914 24813f791c575603a2da46ef883ecb0983635c8e 100.0
2700258 1516345652656 1516348352914 24813f791c575603a2da46ef883ecb0983635c8e 100.0
2715455 1516345653805 1516348369260 a411da74e7a4b9d3acc38f57a0fcce54c4b0bf54 100.0
3460077 1516345655229 1516349115306 1030237ed704e1903833aac6fea8de8f8f58d7fe 100.0
2705229 1516345655705 1516348360934 4652d8847ff19a4d705cbce5d769d31541457b3c 100.0
2731362 1516345656559 1516348387921 fd2683bb55523c2c819921533414007e28357890 100.0
2810467 1516345657041 1516348467508 1b3d7850a16c3d4f7dee5faefc2e031506cc6a64 100.0
2706849 1516345657468 1516348364317 b9858ffa86b973a5aeb84c48ecc3dc8bd184e2f4 100.0
3093595 1516345657540 1516348751135 54b272ed33e622667f6328c5f42af7d5c82a8096 100.0
2730807 1516345657788 1516348388595 bc7f71c1d5bd013101f927713ddaa39e7607d043 100.0
3538168 1516345660255 1516349198423 eb561294f04a6047453aa60e9868b0f45a468ecf 100.0
2777526 1516345664003 1516348441529 357dab7e70590477902e7213c499313515e5284a 100.0
2821726 1516345664635 1516348486361 58c46ea2e0d1e356e36ed8dc05ad431cb821fa50 100.0
2710747 1516345665705 1516348376452 5e272b40d8a5e80211dccc192b87ce7493f57d02 100.0
3553070 1516345666765 1516349219835 ab75ee31c8d002232c9d40fe3b6553e0fa80f280 100.0
2712437 1516345667933 1516348380370 d0bcd18aca79c4fdb9b72da9a6d543c054c552ba 100.0
2712626 1516345669204 1516348381830 73eb28955a570dcf2d12151e002e5acd4296871b 100.0
2714952 1516345677266 1516348392218 af26cf311546361b5a45c041ea2ea32a2f6af98f 100.0
2848118 1516345679363 1516348527481 060fafcaad8c0fccd84585f8374b0de4e0fe27a7 100.0
2719772 1516345680702 1516348400474 ce7a2abad06b32796b359f25f319d6bcfd78e369 100.0
2715357 1516345681248 1516348396605 c751613fa984197f7162985c81655f1a29e52afa 100.0
2702409 1516345682060 1516348384469 7376f6e167bc6ef40d80c16d404a1e8913b2bf98 100.0
2760116 1516345684491 1516348444607 c9800812e3c4eba37c79c847c74e09da0bfd3aad 100.0
3241770 1516345684941 1516348926711 59d5daab781639a04c710a01880fa0af91a05834 100.0
3249612 1516345684977 1516348934589 95df99548b0ea5ef3b18afadec5b842f9f66b95c 100.0
2758411 1516345695425 1516348453836 b2c5e8bcac7de3eac10079a304493bf60e98e21e 100.0
2714561 1516345698411 1516348412972 74c4e7d8bcec1a7e542cd1d58a9b0b2a53cb2721 100.0
2723957 1516345729231 1516348453188 95270ff99d15ac88d9406bab39c00a19ca5b0503 100.0
2732686 1516345730177 1516348462863 9d5bd8ff3e8b49c0182abe9a81e54b8acae7f901 100.0
2843831 1516345730204 1516348574035 48e80e92c6a1b78fc32185829f3c183c554df37d 100.0
2710605 1516345733993 1516348444598 9fc427d60cac8b48f78491a96ee9b9c6ee151560 100.0
2776665 1516345737600 1516348514265 30450542ba448a61df1225b999e159673902bb08 100.0
2700024 1516345737613 1516348437637 73440a492d2328b5f2373cdb6089680cb1a19399 100.0
2742083 1516345738964 1516348481047 6ee77652ff558e801d4579f338e9762663b83ab5 100.0
3577021 1516345739040 1516349316061 2adc1f4e14632da758ec1f6df8190b4e661750a3 100.0
2702495 1516345739819 1516348442314 7bd4395a55b3cdadad4d722495fb162b0350ebea 100.0
2752725 1516345741033 1516348493758 d48f475d7a636ae31669eb734c437043f14df7f3 100.0
2835928 1516345741986 1516348577914 cfbce89e1107a5f6b28cc0c01eccdc8db91656b2 100.0
2710706 1516345749314 1516348460020 e900b0c9cb85928ab2ab052bff88e406588e3e59 100.0
2737523 1516345753400 1516348490923 dbf515fb4f5e4667a886df8827bba12926c17135 100.0
2840109 1516345753530 1516348593639 8801d7dec55f4a73c92fcddedca24030a7fa8ba2 100.0
2995908 1516345755245 1516348751153 5a7c54a43e511e266f2e24579dc59f95c9ae82e9 100.0
2705675 1516345756274 1516348461949 c51babcbf324f33acd825ceb5f237d97d8ec1553 100.0
2821710 1516345758735 1516348580445 8a6eb8d8b1b22fc589120fdc6b151995530064cb 100.0
2705519 1516345759457 1516348464976 9e04dd081261b7ea92e692f1dfae64f8f23d0ab7 100.0
2729602 1516345760332 1516348489934 f306c22f426116c71c1cbb0bda2d69bbcd9415ad 100.0
3354557 1516345760716 1516349115273 6d62eea175dce3c049a1b64260cedee89b9c8cd0 100.0
2751578 1516345760997 1516348512575 fcab8de32430edf51f98b27648b08aa65ff076db 100.0
2736139 1516345763401 1516348499540 a953aeef50e1970798dc6d6d4d5b3b100be4869c 100.0
2705787 1516345763766 1516348469553 c3be48df3ae039ac7666fceb1242bbb1ad1f7536 100.0
2702773 1516345770200 1516348472973 17e72ffbd6bcba2ea93553090ddfb1decc605d7e 100.0
2797670 1516345770256 1516348567926 f1dc8a917abbb6cd92d4a6f673a8656aa22cf477 100.0
2741750 1516345770490 1516348512240 d2b06a2689a9501d46839ee10295a3dadb6eb6af 100.0
2714533 1516345772173 1516348486706 bc51fec8d7b5443656b49141561a8d566913cc7c 100.0
2714530 1516345772176 1516348486706 bc51fec8d7b5443656b49141561a8d566913cc7c 100.0
2714533 1516345772173 1516348486706 bc51fec8d7b5443656b49141561a8d566913cc7c 100.0
2798393 1516345772500 1516348570893 9df3996fcb7138c1678962adf6e0ce659edb9b93 100.0
2978143 1516345773041 1516348751184 248312f8d7c072dd5c6269e2be1da86fd255587b 100.0
2702332 1516345773766 1516348476098 dfd22e9e8fc074e990abc2bf04995493b2d9f35b 100.0
2701188 1516345776220 1516348477408 d14c72a9457036ed7a9293fa03fac8cfab2c3819 100.0
3140066 1516345780134 1516348920200 7c87cddf4f1038b7ab497d8d21ec158afcababb0 100.0
2760592 1516345785867 1516348546459 7a06bf5ee57da499ac62a969139e2b11422fc029 100.0
2766151 1516345795868 1516348562019 c0bec0c44d6e88946cca3e565252881c0d86bf18 100.0
2784281 1516345796365 1516348580646 de286c1a3784e08b5d8d956af038e3a86de4672f 100.0
2770358 1516345798865 1516348569223 d0391f73e98e9ffd3ee5127fe779e6a2c3baebeb 100.0
2700425 1516345799664 1516348500089 a8b505040dddd054301e021c4b27499f5aed0ff7 100.0
2724169 1516345800199 1516348524368 0126a0db60dedb01ccd6cb33f6298563facfe72d 100.0
2801143 1516345802783 1516348603926 e382eb216fcb34132bb0be6de3ada2b3ee2e1d84 100.0
2800546 1516345803380 1516348603926 e382eb216fcb34132bb0be6de3ada2b3ee2e1d84 100.0
2701422 1516345804362 1516348505784 a3438bf720259d1ec1e4bfd41a573788b5a42712 100.0
2775351 1516345804640 1516348579991 dc7055e9fbc785ad0b61f3f5d1ea882af3bc257c 100.0
2732938 1516345808381 1516348541319 04461c07a0badf9059cd45b98d6dcae6c14fd37e 100.0
3590415 1516345813017 1516349403432 6d36ff68e44163422836613fc593a6f441088749 100.0
2708854 1516345813105 1516348521959 ada0eadce89d1573599902b88c2edabc97891f5c 100.0
2702636 1516345839661 1516348542297 f2bd0f582ecacd2d1a98d10ca938a01b19ca7eb4 100.0
2706611 1516345842983 1516348549594 45718ae88dc8cca49c0b444cd7a2a4bb0441b8c0 100.0
2778416 1516345844250 1516348622666 7b3d892293d114565ad5a8335178dd18de5b6514 100.0
2758580 1516345846390 1516348604970 e1c20c1b4f46ce6136848ec379eb8201887d3e1a 100.0
2730192 1516345847772 1516348577964 3aa5d578b22fa168514437656c698227b882837d 100.0
2704075 1516345847966 1516348552041 2700d7eb40c1a1ff64c65e35dc9db31c193b7333 100.0
2730360 1516345848034 1516348578394 b204d6e6bcfe44be2790cd82a07dedaedd3ff4ba 100.0
2707134 1516345848467 1516348555601 57cca687e698e0ce9a099a150cabd40b8dc0764e 100.0
3263267 1516345850330 1516349113597 75e8da9119088359f49714362bc8d432940723df 100.0
2732829 1516345853804 1516348586633 aac3574878ec5df4f7422f4098d42f41d0a6912b 100.0
2720852 1516345853905 1516348574757 b095775aa80720fd071a585ea963709a0c402a23 100.0
2708494 1516345855319 1516348563813 4b674c5c108c895df27ce984647dadd6f17f7935 100.0
2749660 1516345855602 1516348605262 9ff17c2a4b94533f8e52659510262b994f493cc2 100.0
2810056 1516345857449 1516348667505 fc5f8c3e688671ea2cbadd5bda97edbec0fef6cc 100.0
2705337 1516345860074 1516348565411 bd98c9001fc17456433241b7f1eccea625617249 100.0
2714197 1516345867295 1516348581492 fe4e9907a3e4182cd66227e94a7dd4935d95d26d 100.0
2774936 1516345875824 1516348650760 861f25f94f262f19ef47cac88af5d2531ceef924 100.0
2729488 1516345877687 1516348607175 13c39bed74985d411fa82029d709d2d4e24c80e8 100.0
2790266 1516345879217 1516348669483 36dccc3ade5660048a63282da93e79877ef68d8a 100.0
2731975 1516345881140 1516348613115 19bb1279ca2c4810a36028cc54fa0dc1b7e36bba 100.0
2716284 1516345884280 1516348600564 af8a6200cca02a36a8e087ab1d5cb8fc57e128fc 100.0
3429581 1516345886192 1516349315773 943509564e42e135bebb9823ab2790b5a31b6de1 100.0
2731442 1516345887710 1516348619152 084075c58971b93813079360b4d2dbcb72ad2e5d 100.0
2947628 1516345888848 1516348836476 bddeb342002de80f86da6ef2983f919d8cd41cea 100.0
2777804 1516345888863 1516348666667 408128b5375ad32d462a77f916cbc806c8d5dd58 100.0
2730196 1516345888956 1516348619152 084075c58971b93813079360b4d2dbcb72ad2e5d 100.0
3231247 1516345891594 1516349122841 92195e5d1b705a08c46b0490489c3c7022966014 100.0
2945536 1516345892540 1516348838076 6213b4e28a199124c65ecf2f4ce65f7a1fffde30 100.0
2745282 1516345899403 1516348644685 84a19274c7af7ad3117f3de0fcbd5f49a0077f34 100.0
3595920 1516345899474 1516349495394 fbe928f544a20a4890f24ac6ff320366e251bd75 100.0
3414264 1516345899567 1516349313831 3e94ee90682958682fe7715b444025b664df5545 100.0
2937501 1516345899876 1516348837377 0708d1b75ae15856b5ea50d7dbfaa82619d75529 100.0
2701309 1516345900274 1516348601583 005142ba76fd2efb597130fabc6c9c533ee1b807 100.0
3208249 1516345900578 1516349108827 b6d9d1ac23c520a7a4d4688d2f1f1d4b2c7eac61 100.0
3208156 1516345900671 1516349108827 b6d9d1ac23c520a7a4d4688d2f1f1d4b2c7eac61 100.0
2731310 1516345901505 1516348632815 631dcbe31dd1cf9fcdbf0acbfaaffba0c79712aa 100.0
3593750 1516345901618 1516349495368 3770d1be3b2452d08bb640858c3468e6e0c50564 100.0
2701943 1516345905059 1516348607002 852946865788683c6d61b6399d06edc8f7cc1572 100.0
2750168 1516345906998 1516348657166 5570bac9c9925d8f230a5aa34d9b19f035ebaf92 100.0
2701433 1516345917461 1516348618894 3dbebb0293a9a0cceb2f8b6cdca25d6e1e341500 100.0
2711995 1516345917558 1516348629553 0e46a4e8fa1f324392f257f9c13a64f08bb3b8b1 100.0
2709642 1516345923470 1516348633112 9c9c2b2c5ba77b3698fd9f7327ae83229dd5b950 100.0
2825657 1516345925248 1516348750905 d9a60f61d035d76c7f09ceecf7f308b086a01300 100.0
3167953 1516345948265 1516349116218 4e6011405ddc0d526a966afd48c618161b1c18d3 100.0
2763126 1516345948721 1516348711847 7f971fa7a22c43afe0428170e94a536e854913a4 100.0
2763121 1516345948726 1516348711847 7f971fa7a22c43afe0428170e94a536e854913a4 100.0
2746077 1516345949015 1516348695092 48b2550cb7c07bcc29ace8aa41e4c588611260cc 100.0
2706201 1516345952858 1516348659059 5589152618c11a920a80281f67f4bbc41a6eafe6 100.0
2706197 1516345952862 1516348659059 5589152618c11a920a80281f67f4bbc41a6eafe6 100.0
2719668 1516345953357 1516348673025 cb2743fec42519208b97ca2384e36722c5b11a98 100.0
2811221 1516345954037 1516348765258 0ccdd6424b87e8275a00ea97e06d6eda333c6326 100.0
2714550 1516345954369 1516348668919 aa9a681d5e3c82aac5b988daa1f5794c6405d8c5 100.0
3534212 1516345954764 1516349488976 6032c141a7c7682aaecaedb9c07d91733def4fcc 100.0
2703928 1516345954864 1516348658792 faa3cb588d8c8384aa3522153c0544740ddd13df 100.0
2705625 1516345957738 1516348663363 da119f4badf55f17d00dacdcd0c925cd6fb167d9 100.0
2705893 1516345958975 1516348664868 1440b4e36a9df3d4a9a2e7c59d213de5216684e9 100.0
2724644 1516345961577 1516348686221 023d121ff26897b36e525056fd27abcd18036062 100.0
2710836 1516345961972 1516348672808 6af8887661bdfa167de28419a4af664fbb9fcd05 100.0
2789021 1516345962531 1516348751552 a58de7a6649a16516a81fa3b364240726ee0fbc2 100.0
2703675 1516345962796 1516348666471 3e79f06eeccff08100d39f328d683c964b10e6ee 100.0
2731692 1516345964133 1516348695825 1e858162277eecca7889bf019d8287aebc0f2930 100.0
2748661 1516345964759 1516348713420 ed8accd6207c0c36c82722cf1b138ff37aa96fca 100.0
2722900 1516345965034 1516348687934 642c685565ccb26d91a50fc88a529c5237f7254f 100.0
2700728 1516345966218 1516348666946 3df99a6ee77e6d7ae443539490e765f29afaee86 100.0
3449164 1516345967211 1516349416375 03962e1661e64eba04c9861e71303ac5db25e384 100.0
2700635 1516345969127 1516348669762 2d2d5d350d4e6bf063ebf2a9b1bb65240a1d29d9 100.0
2708896 1516345972739 1516348681635 15db5dedaa3776a4587edf566d75411c3aa295f8 100.0
3014765 1516345973043 1516348987808 51418de2235da09d2febdb76f98082813d2bbded 100.0
2709981 1516345973645 1516348683626 90b63e21b281b9c5e646b7d113fcdfec4c292c88 100.0
2725998 1516345974461 1516348700459 17535d5625a08815d413411f632fb5c7674bc35e 100.0
2708085 1516345975546 1516348683631 c2e237a7e75798f325ffeafee6e82757ada6558d 100.0
2707438 1516345976365 1516348683803 282c4961b11035bc3b2b495fbea309f76fb6c0d5 100.0
2707436 1516345976367 1516348683803 282c4961b11035bc3b2b495fbea309f76fb6c0d5 100.0
2889376 1516345977180 1516348866556 f2d86a1a6e8a0ef8ed3e6ea2840f3598769da2d6 100.0
2777011 1516345980726 1516348757737 3891932a88685e8cd672a9b5bc6f1a87e3006c7f 100.0
2795962 1516345981510 1516348777472 ef0755b750c549f07fdf081c7663666f4e7610de 100.0
2833374 1516345982216 1516348815590 850501f0ad9badfaaaa541ceda45f0392d26472e 100.0
2721626 1516345983715 1516348705341 76fdd4e95d9fd5e348e77fc75d6345ad6de96de6 100.0
2768416 1516345983797 1516348752213 b0398aa186ef58ce8ae5efbe81217b72e05de4cc 100.0
2711770 1516345983902 1516348695672 f6b218548b775d775bbd384bcee6c50ecac8bc4a 100.0
2711540 1516345984132 1516348695672 f6b218548b775d775bbd384bcee6c50ecac8bc4a 100.0
2704016 1516345985540 1516348689556 2e55f87bf32abc84264b2dbef551ad9cc4a7e3f4 100.0
2705800 1516345985556 1516348691356 55dfd3cecd33facea9bd4bc285911a2e6b81be3c 100.0
2705277 1516345986079 1516348691356 55dfd3cecd33facea9bd4bc285911a2e6b81be3c 100.0
2704842 1516345986514 1516348691356 55dfd3cecd33facea9bd4bc285911a2e6b81be3c 100.0
2710952 1516345986988 1516348697940 7ab576adbe424fdc33209eccd08457cc89de675f 100.0
2745326 1516345987014 1516348732340 5e57b482168febbebcba33448c99ea00c9bcce7f 100.0
2725362 1516345989156 1516348714518 2b56df6febf23209f81866990deb5301ff1dd697 100.0
2747088 1516345989172 1516348736260 496d12381d56b752d18601f95687133c0f5c803d 100.0
2744229 1516345990515 1516348734744 dd675137385d38dec04ecdd646541d1e9195537f 100.0
2738789 1516345990808 1516348729597 b9baefaec4d3352be60195c8eae99ebb7f8f8037 100.0
3047719 1516345993989 1516349041708 a0e41aecc21253a7b27f996b7927d5bb1f9524af 100.0
2700378 1516345995270 1516348695648 31acd48236b3d7a0c0282c1b156a04b27947f21f 100.0
2737307 1516345997743 1516348735050 8ef95f9cf454aee0fbf2fcceea3696f3820fc296 100.0
2708212 1516346003645 1516348711857 30019297956282213428fbb5ce48ba48a3e3bd8c 100.0
2708212 1516346003645 1516348711857 30019297956282213428fbb5ce48ba48a3e3bd8c 100.0
2708212 1516346003645 1516348711857 30019297956282213428fbb5ce48ba48a3e3bd8c 100.0
2706227 1516346019560 1516348725787 33c9808def4ff174d5143e54d085387f47ccfe72 100.0
2736623 1516346020207 1516348756830 fd7577ec9c377d7e3013c92d078848e62d5fe4e7 100.0
2705485 1516346022871 1516348728356 0c63bee3b4663b32a897ad8b1819049037c89e35 100.0
3187006 1516346023385 1516349210391 7e1340cec820fd998ec75fb4b50e0c1466404de6 100.0
2862405 1516346023482 1516348885887 765f06c5e9d92258201c750f82127dd6125f9f2f 100.0
2722774 1516346028117 1516348750891 41eafb6c3e0901c63beaf64d92ad8e4e0754b740 100.0
3526309 1516346028610 1516349554919 f71c5f4f85c9f9fc0f2b899d7a32c2ce1cc95983 100.0
2706582 1516346030314 1516348736896 996f0f69398ad44398b496d9ea3d5487b3c0a6bc 100.0
2712263 1516346031821 1516348744084 a6a1e8056d4474c823790ef4b775e57b99114df5 100.0
2712499 1516346033294 1516348745793 a96ccec336ac2dd470c2350e053070779384565f 100.0
3419698 1516346033639 1516349453337 24ed7350766af54906d90dff1d3b6c12aabf1576 100.0
2711454 1516346033929 1516348745383 360f7395abb059de3604d47e16f4064e0f8ce60f 100.0
2729279 1516346035663 1516348764942 c3752cffa8771de7de17b89c42b56d795445dabb 100.0
2749859 1516346056286 1516348806145 8455663bbc72c44ce346fd8ad6f49dcbd0cf2399 100.0
2701861 1516346056940 1516348758801 85c1511c5caafc049ed3fd2cc1dd9ac25d38600d 100.0
2737942 1516346057281 1516348795223 18b99e4f0df287236f598e3c22b30fc1107d5b9a 100.0
2708433 1516346058090 1516348766523 a60fb71cdb297032929b04dbfdb603987b76926e 100.0
2712156 1516346058489 1516348770645 a59a6f4e8b44a2a1235d28f5bb4473ea1a39a29f 100.0
2741127 1516346061277 1516348802404 48e7ebda20b466b560b9106b77222bd65352187a 100.0
2741114 1516346061290 1516348802404 48e7ebda20b466b560b9106b77222bd65352187a 100.0
2763848 1516346066677 1516348830525 76a93652fac2617b589713b6b02861047b803289 100.0
2773248 1516346066688 1516348839936 ca7205ed3b0199524b029be7215a3279bd67590b 100.0
2710712 1516346069340 1516348780052 fc1d1f4ca4e26b96673196aa2b766f12bd19c990 100.0
2755711 1516346069830 1516348825541 f62770a9944f8b3778485fc2894a0de4fce7541a 100.0
2704324 1516346071767 1516348776091 4c16a4684eaa1ed686907b72effe2202886f382c 100.0
2704307 1516346071784 1516348776091 4c16a4684eaa1ed686907b72effe2202886f382c 100.0
2757189 1516346072198 1516348829387 0f1db6e5a2db81187e35434db387f0d42c1b0d6d 100.0
2770115 1516346075946 1516348846061 fae08b671e056537f669b0679ce41f93b8f4d774 100.0
2711690 1516346077516 1516348789206 b406941e42b0ca7d38ee8874e21d57b73a526ac4 100.0
2751168 1516346079094 1516348830262 0811be059494353b60988791580cc612b42951d4 100.0
2750251 1516346080011 1516348830262 0811be059494353b60988791580cc612b42951d4 100.0
2854193 1516346080655 1516348934848 748dcaa0eaf36f7d333249fdc48251f791cf14db 100.0
2852185 1516346082663 1516348934848 748dcaa0eaf36f7d333249fdc48251f791cf14db 100.0
3216674 1516346084325 1516349300999 d3f80a166423fef245befbfc5a859c4f1fb30cb9 100.0
3025643 1516346086171 1516349111814 c2245c25086afbd97c563a2dccfeca6f478b539a 100.0
2767041 1516346086285 1516348853326 ca2e347d7844cde01ff15198cd58dbab0b3aaf05 100.0
2715433 1516346086962 1516348802395 0ce67c3a2d5b500d1451c4d682b22309507fae65 100.0
2715027 1516346087441 1516348802468 21c7a62d2bd32e72175a981600f8cb06372e4900 100.0
2728493 1516346088639 1516348817132 df9009e25a770c484308077c49901d8b2187b1b5 100.0
2710401 1516346089298 1516348799699 68dbbcaa3175023a9bcc64590c9302b15286e1ef 100.0
2700809 1516346090660 1516348791469 c5f507dff48c6b321e9e4edadc6037660dfc11e5 100.0
2700170 1516346091287 1516348791457 e6a7e4f9b6350d650159d1bcf879145580cb8af2 100.0
2700114 1516346091343 1516348791457 e6a7e4f9b6350d650159d1bcf879145580cb8af2 100.0
2729274 1516346091450 1516348820724 2e4dbd602dd032065136d0d400a61ecba0763da0 100.0
2760610 1516346091492 1516348852102 769c79a51d41a3693c1014cc4432b4ed8f5b9d4b 100.0
3403866 1516346091553 1516349495419 e53b117bfdda79fa01a2afb60d37bf6fb4335bb8 100.0
2768176 1516346094069 1516348862245 aa1bac4d8d7ba69bea2300ad8ad07d020cec41a5 100.0
2732059 1516346094194 1516348826253 aee5fdc35581013b1953bf0eb1ec7a31838d7403 100.0
2702255 1516346102433 1516348804688 f78f310b2766f074565688838856b5e27dae35b5 100.0
2727345 1516346105554 1516348832899 758a0b6d56eb5525bc0a576796975bc972d9e071 100.0
2729879 1516346106177 1516348836056 67c259c828b7eeaa8bb2a23fbc4943ca6727443f 100.0
2733204 1516346109639 1516348842843 0d5956a8ab514170acc96d47fb0f7aa804a41311 100.0
2719771 1516346110536 1516348830307 0b51f912edd6ebd7d9061ac3140a8bf20cb86ab2 100.0
3382462 1516346111658 1516349494120 fe1d06e29d41f9c4f7d7aa1a06bd77dd54e2eb11 100.0
2731038 1516346112504 1516348843542 0e8e34da2573b353908f7d06bd11d9faacaa368c 100.0
2717778 1516346114848 1516348832626 2ae2c32cd8c874944b82ddf70e2fb5476ae79a1e 100.0
2720569 1516346122312 1516348842881 6e4cdf7c6e6ceac3d9803be3e8ff60664fb7c67d 100.0
2766825 1516346122542 1516348889367 d357ea980b8174467756cd658e72bb8244cffb62 100.0
2782049 1516346124627 1516348906676 01d8d44d28fce9b22f1f0f982638b74dca2fe232 100.0
2997953 1516346124854 1516349122807 455b913367a014dbc49e747517f995d7c574e5e8 100.0
3370077 1516346125568 1516349495645 66c6cd4eeaca1581d84ebf55e2f65084d172d1e0 100.0
2710832 1516346125787 1516348836619 b424cff99b3074b5955199903fa9e9e2b6e30812 100.0
2794285 1516346128650 1516348922935 14720eb6762ff35be1b84c79b4b3e4cf657b07cd 100.0
2793403 1516346137921 1516348931324 e539c85c4f059f13c4e12ac22a013f122f6108e5 100.0
2708931 1516346170536 1516348879467 b266f978567e042c5afa6fe0bb6941e4fda19ace 100.0
2708852 1516346170615 1516348879467 b266f978567e042c5afa6fe0bb6941e4fda19ace 100.0
2708723 1516346170744 1516348879467 b266f978567e042c5afa6fe0bb6941e4fda19ace 100.0
2708687 1516346170780 1516348879467 b266f978567e042c5afa6fe0bb6941e4fda19ace 100.0
2708574 1516346170893 1516348879467 b266f978567e042c5afa6fe0bb6941e4fda19ace 100.0
3595417 1516346172001 1516349767418 3de69e1101b860336e6408043eb412ca09a1e0ca 100.0
2738412 1516346173084 1516348911496 9a76126042c47170761b4c8ca89703f45d555b58 100.0
2738567 1516346173522 1516348912089 645106839a59ecf1ff2311ba903a769adeaf03bd 100.0
2737794 1516346173702 1516348911496 9a76126042c47170761b4c8ca89703f45d555b58 100.0
2737800 1516346175180 1516348912980 725047343138d7621460ccbfc722c7aac179387e 100.0
2737644 1516346175336 1516348912980 725047343138d7621460ccbfc722c7aac179387e 100.0
2705067 1516346175522 1516348880589 9f09b6cee406fa33caff73586b6f174c22632825 100.0
2733205 1516346177774 1516348910979 fcd8dc9ed46b3145562f48442b4210832b1d1e12 100.0
3222076 1516346178879 1516349400955 b16e46a2da845a06e8312ad637acfeb0407d7481 100.0
3221749 1516346179206 1516349400955 b16e46a2da845a06e8312ad637acfeb0407d7481 100.0
2731092 1516346181718 1516348912810 b095fafa16e554af4b7a6182c8958cfe6ea172e1 100.0
2746659 1516346181880 1516348928539 7ce5ce39c02d0b3286c0aad796d4878bf5535c14 100.0
3598932 1516346182327 1516349781259 755233746832117bf4a4f07af766564add67276f 100.0
3598320 1516346182939 1516349781259 755233746832117bf4a4f07af766564add67276f 100.0
2858502 1516346184125 1516349042627 b281ea4a32164cc261cb8e4ad86cf73149587a1d 100.0
2715575 1516346195860 1516348911435 a753929f70da769263704e52b70e40f0a0c4afff 100.0
2703027 1516346196120 1516348899147 1e3ad55d457b3d07241297151a2125f4432907cd 100.0
2703021 1516346196126 1516348899147 1e3ad55d457b3d07241297151a2125f4432907cd 100.0
2702578 1516346197526 1516348900104 c12a92a6bd258cd018c7bf85f517aca8bce626b8 100.0
2702576 1516346197528 1516348900104 c12a92a6bd258cd018c7bf85f517aca8bce626b8 100.0
2729610 1516346198077 1516348927687 91a117d6acdac569fc44a4b05401ae6aedca416a 100.0
3105651 1516346198584 1516349304235 8ef2948f115bbdea0aab37d149ff94a00de6fb55 100.0
3590694 1516346198620 1516349789314 90de5608b5262c6678f90c9a4960cd5be80c8290 100.0
2740297 1516346201683 1516348941980 b2983375547d9b717c1c5488187275cb98d4d754 100.0
2700614 1516346201876 1516348902490 14d161e710dc5a117d1dc5ae668322c393ce3481 100.0
3569649 1516346202054 1516349771703 d5b662573e58d83e931c3b613b32f92e7f0cf2b4 100.0
2700043 1516346204990 1516348905033 b114fe4eceb7766ffba28f76c8b518dfb082b811 100.0
2728272 1516346205307 1516348933579 5a8cb2a79ad9162a0e585383916acd45b7e9ba6f 100.0
3099604 1516346209810 1516349309414 5bbcff880f0668d852ffb5bff30f15e899143160 100.0
2725832 1516346211111 1516348936943 b64b2e737ac6a1cf76c3de69599657a399ba1590 100.0
3149711 1516346211850 1516349361561 a053aee94dfa9de05e0a7ec65c146cbc7e0397af 100.0
2714836 1516346211875 1516348926711 d79b370249e565eca50e72552c5a2366827cb458 100.0
2714836 1516346211875 1516348926711 d79b370249e565eca50e72552c5a2366827cb458 100.0
2746097 1516346212209 1516348958306 fabb4bd1f2f7a12f088d490555683c0c0893e827 100.0
2746095 1516346212211 1516348958306 fabb4bd1f2f7a12f088d490555683c0c0893e827 100.0
2817604 1516346212607 1516349030211 07b79a458e288d0ecd5be6b9633e958538428089 100.0
2719608 1516346216435 1516348936043 6bde6ad526b9d350395bc02fd7cf811000f81111 100.0
2700192 1516346217226 1516348917418 910070adade6c21f9b3ed9e46da6d7b8ba0b7b65 100.0
2719696 1516346217485 1516348937181 86fe1efc3682a71c2f2d7ea961fbc624802f54c3 100.0
2741133 1516346225581 1516348966714 e7229ec74bc24ce50c343df0272ae31094533d6a 100.0
2748846 1516346244589 1516348993435 aa0bbcede5c865970fd2581a0568622abd847651 100.0
2722771 1516346245160 1516348967931 7e95aea0ee93775e479c0d64b75e0f6fe5df6006 100.0
2717321 1516346250553 1516348967874 daa0f68a371f0f884a62b345e5418bfe42fdb328 100.0
3351577 1516346252371 1516349603948 2fe0acdba6c8ffc2637518587720ccca59bc065b 100.0
2715951 1516346256515 1516348972466 0beaf0a2fb5a91804dcd696159e3d4224164bc2a 100.0
2715952 1516346256514 1516348972466 0beaf0a2fb5a91804dcd696159e3d4224164bc2a 100.0
2739975 1516346258276 1516348998251 f67e581057b4d716da173ed37668f26b0ec82ca7 100.0
3047959 1516346260073 1516349308032 ff52d0bf3aed8325c7983e2563ba5966cf3926be 100.0
2707410 1516346260101 1516348967511 815b88dee3dfa63b959bc9a7911a1e0cfc4ca54d 100.0
3125358 1516346260241 1516349385599 9a0fd5d430e53dd8ac3dc78d1519daed9255ce5f 100.0
2772552 1516346260468 1516349033020 f270a1b537c19f462eb87ba728de135435f272d2 100.0
2715036 1516346266043 1516348981079 16193e09ff096d3e40228b1da1e7ba37835be0cd 100.0
2983414 1516346266166 1516349249580 f5e028410b1cc63cfd9df3bef7f9ae81d6b2a991 100.0
2983413 1516346266167 1516349249580 f5e028410b1cc63cfd9df3bef7f9ae81d6b2a991 100.0
3502649 1516346286682 1516349789331 5a62489bea242c0f5cf06ef08f1a42705d9ecb31 100.0
2720850 1516346286717 1516349007567 8b4541663ada15d68d26060dd74aa5856818a323 100.0
2720848 1516346286719 1516349007567 8b4541663ada15d68d26060dd74aa5856818a323 100.0
2720847 1516346286720 1516349007567 8b4541663ada15d68d26060dd74aa5856818a323 100.0
2718661 1516346288936 1516349007597 711a43ae5354a1aeb5e55399960e6bfe776db6b4 100.0
2702452 1516346289773 1516348992225 44643fbcb48082d63ed29a5e039850648d7da5af 100.0
2790140 1516346290945 1516349081085 62a8a1b0c955bbe580bf9561046bca1b08190159 100.0
2750057 1516346293156 1516349043213 f548ace198a291c3be62df7affb499f83b34b34d 100.0
2728641 1516346293487 1516349022128 e152a6d9fb51abcc1b19ad186e2a4fe6e7ab3322 100.0
2737501 1516346293696 1516349031197 a21ce859561bc29e95fd5e29745e9f1142e95ef0 100.0
2742275 1516346297549 1516349039824 033df3f10bafa6a34d85f7e7d9bf6befc6af179b 100.0
2771867 1516346298080 1516349069947 d8d7d1507bd5f87ebf36789cc9e37dc219d9b1c2 100.0
2700586 1516346298285 1516348998871 6b6c68ff6866a4bfe44023a5d235d324fc33accd 100.0
2706519 1516346301623 1516349008142 85eafa38facafec633e562ecc0764ba6eb606140 100.0
2750539 1516346301909 1516349052448 93fe24b59bc13a4fd2cbe9f4ae88913e25b7e9ca 100.0
2725255 1516346302087 1516349027342 1d88865ea8813bdcd9082b55fc601801145b7f92 100.0
2759941 1516346304740 1516349064681 671685db144270a6cc6ce506255c9e9c8d96c83f 100.0
2765999 1516346305305 1516349071304 faa3423bdf4e8dd06172dca2a5918a9be1d12ecb 100.0
2909596 1516346306048 1516349215644 8700f059b8e5a2ddfff8fe15ee6d1f2a39e0c123 100.0
2707663 1516346306992 1516349014655 92ad4605b7578c3ce0c1ebf86461c2b3da86c618 100.0
2720658 1516346308845 1516349029503 fe530e7746e4e7801b65117f6439ddac5796b001 100.0
3570094 1516346309504 1516349879598 8ac5688e0390176c2258e1be81fe6a84202ac13b 100.0
3179148 1516346310178 1516349489326 f03df6c97267739f16f4f056bfbd32aef547bf7d 100.0
3179148 1516346310178 1516349489326 f03df6c97267739f16f4f056bfbd32aef547bf7d 100.0
3084885 1516346310237 1516349395122 4a36910a4f54e4e5064469cc2f83f1125ec413b8 100.0
3084884 1516346310238 1516349395122 4a36910a4f54e4e5064469cc2f83f1125ec413b8 100.0
2728735 1516346310790 1516349039525 74184522b0cc20b4c86b17f142110ac7a02c54bd 100.0
2705367 1516346312135 1516349017502 44bb2a4754d7177b4c7c7d9b39009ac8e22fb46b 100.0
2711061 1516346313071 1516349024132 2a0a475b4f29e78a26c371c90fbb53e3dd0a66a1 100.0
3179103 1516346315068 1516349494171 576cb50c05ce58b1d46d77bef524b142e26dedb3 100.0
2700947 1516346317819 1516349018766 591ade680df12890d1db824006f69aa4fa40542e 100.0
2712328 1516346317826 1516349030154 2e54c818b07b003b0878beb099e574f1e1638b1c 100.0
2712252 1516346318111 1516349030363 708dcb2ea00bdb5965012745a300a0547ad9f067 100.0
2709965 1516346320517 1516349030482 3b035fecdffc565267928a2347ad9999d7cdb11e 100.0
2755460 1516346320682 1516349076142 25c6530f324e5736a51b41e32d273291e3ec4dda 100.0
2719565 1516346321255 1516349040820 1d4c63509591d5f36f88847a8efb0e3e93c176b6 100.0
2717674 1516346324767 1516349042441 d61d640244d3a6ecdfc1c281dab50cd4742f7dfe 100.0
2702972 1516346325248 1516349028220 92bc5b143579cebdb29b4bf4eb6b340513d54cb1 100.0
2734092 1516346326696 1516349060788 77ec79fab5e47ff46b3d4c17baa8d29c1083fe52 100.0
2700989 1516346329238 1516349030227 70bfb593bb56633f2f3a3b876fb50e1d940f5c51 100.0
2707341 1516346330641 1516349037982 a250e71f8526e178323da36e13994f43b1ef34f8 100.0
2713935 1516346332300 1516349046235 87faaa18bc72211d2baa8822cbf95f453528bfad 100.0
2797187 1516346335253 1516349132440 26fdb12275b36a69d034fdb3b4384cb81ca43a9f 100.0
2780439 1516346335822 1516349116261 8e5a9d3d64406b2bff0927b37007faa0b01d97fd 100.0
2792655 1516346337601 1516349130256 e6ecd4819da7b9ee1d437407af5805f07a21f751 100.0
3037397 1516346353136 1516349390533 89c0144cd9a5008fb24f593bea75e858bd66c316 100.0
2758139 1516346353339 1516349111478 848f7b0a94cd1172bf75838cb3fea95349b982fc 100.0
2721719 1516346357893 1516349079612 05446028571ac5a1dffddbdb1fdbd06fd859a1e9 100.0
2817618 1516346359285 1516349176903 e5abc551ae37ffe16cf13c5bf0aed615de9c07a3 100.0
2723195 1516346360416 1516349083611 e7d6e3b18b9dbdf701570059456f52635760598a 100.0
2766268 1516346362961 1516349129229 dd631fceb1c5a758aba2e9669bf837064bf94669 100.0
2702724 1516346369494 1516349072218 d880c753ba2f65ccfc046540e109c2542d2249a5 100.0
2763224 1516346370799 1516349134023 ccd7760fdb0f322e8e25a1601e50d1c93edcf648 100.0
3109273 1516346371381 1516349480654 13c39bed74985d411fa82029d709d2d4e24c80e8 100.0
2726213 1516346371879 1516349098092 d99505939f94f356f0829576fa5fcd480a72623a 100.0
2775942 1516346371941 1516349147883 f83b93ca0d05b906cb96c6c7158d2396e5c8a452 100.0
2739489 1516346373024 1516349112513 77eb41dd397d47e7a56093655023252af998e8c5 100.0
2713769 1516346374079 1516349087848 0262e5a2e5e737abc413d231e7ab682d99bf135b 100.0
2702747 1516346374349 1516349077096 b197e1de14d6f724e79b3c64b8e255fa52843ef1 100.0
2712700 1516346377426 1516349090126 4265d21547be416e963d2d400c3b1743d32be65c 100.0
2714595 1516346379591 1516349094186 17334224c8278e141b31578f6e84a562a7b015a3 100.0
3598416 1516346381683 1516349980099 d20ccdda52a62256477a746ffde63704ab4115f3 100.0
3469749 1516346409251 1516349879000 d106b15379241211dacd3e4bfd5d5b0966c14dcc 100.0
2727642 1516346410461 1516349138103 fa4162fb99761052d21a7400b8242fcbd3ce3ea0 100.0
2764150 1516346410790 1516349174940 7fc5e32f1fc5cbf426bad21c84994cdb365c530e 100.0
2700636 1516346411502 1516349112138 c4a434c286d88108f15512f63550a117edd81355 100.0
2896390 1516346416141 1516349312531 34171b25b6c95bec0d33076b0848389eda7142f3 100.0
2740352 1516346416927 1516349157279 11c80518d7b5a8b65ee9a91aacf5ee496aca7f66 100.0
3164539 1516346418493 1516349583032 3b8b2992b0ae7c95199a046497b87b6fe9cd6b5f 100.0
3472618 1516346418627 1516349891245 b2f814d24befb85b36dec5ac65c7a0c9cd2b430b 100.0
2888161 1516346423684 1516349311845 494697315c4ae5fe15c56362f6de9eef4f66dbe5 100.0
2719150 1516346424107 1516349143257 f957c6601ffb2fb4f987f54bcb38f319ec372e1a 100.0
2745689 1516346427511 1516349173200 de4e6dbc4631749f9ba79379d0dbd50b75b6cb75 100.0
2745686 1516346427514 1516349173200 de4e6dbc4631749f9ba79379d0dbd50b75b6cb75 100.0
2701360 1516346428556 1516349129916 2ce3e3bae4009e8a96699c118cb79cd36c6c1b73 100.0
2875488 1516346431588 1516349307076 8ec8c261f7a096d05e7496258e8c5f0a47cc9f28 100.0
2705119 1516346431934 1516349137053 a80de82a7045b03f5e8a321c6e8768e659729af5 100.0
2719670 1516346434496 1516349154166 3fcfd465b017d06a58be120eea739a07461e4fae 100.0
2771698 1516346436217 1516349207915 85b7b270b99f5ce39f2d777345c85fa98b39d6c8 100.0
2857304 1516346439208 1516349296512 a21362de79e196d4623001895a8cf57095bfb984 100.0
2700323 1516346444298 1516349144621 0095304e5826dbabd6f6d7b00d64339ccbca7444 100.0
2706668 1516346444515 1516349151183 222b8dfadf51f5935a342931170369e7ebe2395e 100.0
2744683 1516346446071 1516349190754 f28b169a540950989abb966b69f5d5c32481a1b6 100.0
2730908 1516346446083 1516349176991 03bf6e5f9218ae609bc1c34275f2beb9d5514b90 100.0
2744649 1516346446105 1516349190754 f28b169a540950989abb966b69f5d5c32481a1b6 100.0
2744649 1516346446105 1516349190754 f28b169a540950989abb966b69f5d5c32481a1b6 100.0
2709490 1516346446442 1516349155932 0b42ee3492673c0b4e7a91c6106fd585057ab04a 100.0
2709410 1516346446522 1516349155932 0b42ee3492673c0b4e7a91c6106fd585057ab04a 100.0
2723972 1516346447724 1516349171696 b846896a544c1f3fb47a4868251e20fa0e70f1bc 100.0
3437234 1516346448225 1516349885459 e0cf11fc754be1c7d3a7c6cd3197e45fc92a146d 100.0
3437206 1516346448253 1516349885459 e0cf11fc754be1c7d3a7c6cd3197e45fc92a146d 100.0
2721259 1516346449690 1516349170949 1c5e88efc06c7e409e0a8955d363032b8a766233 100.0
2772763 1516346450947 1516349223710 6c9ded9d43d0381de3aa18defd969c504c3bdd05 100.0
3036823 1516346451544 1516349488367 8cb08cba6150c2681d6cb5b26299818a88c2d5bc 100.0
2730183 1516346451981 1516349182164 fa1d46a341fe5d935b923ab33585d9c7e89ee4e2 100.0
2853429 1516346457912 1516349311341 1bc69b181aa212c254b5af51415f3783264e51be 100.0
2736734 1516346459077 1516349195811 018cb7965398f52ce32f305ba211c5e0ed945a0b 100.0
2713909 1516346463478 1516349177387 31eba953e065f9073fcf6b4f3a4ba377d5425948 100.0
2911771 1516346465342 1516349377113 d14c72a9457036ed7a9293fa03fac8cfab2c3819 100.0
2700089 1516346465355 1516349165444 7771e5dcf7a7e6563869aa64483885df0d0f9c13 100.0
2700233 1516346466019 1516349166252 f4ca67fde9904e6531d763cbba49a3974dadf207 100.0
2737419 1516346466817 1516349204236 7c3d6eb8afe3ceeab57f14a362f2897cd54a9501 100.0
2829318 1516346467622 1516349296940 3b5f0a14048348ccb2dc1d3f930cfc434167e010 100.0
2702739 1516346473699 1516349176438 daf089871f28c2dbbc87bc5ce0473f4b56d11da5 100.0
2920450 1516346475127 1516349395577 82e2321ba37ff0d9e28c1dc5c68a414ddf4f845a 100.0
2752410 1516346476598 1516349229008 8ab9d759d10e06367da73f266b612da8b0be96e2 100.0
2935865 1516346477685 1516349413550 8c9fc2d21e4633186502965b2d0a20364b699c11 100.0
2720937 1516346479594 1516349200531 8a184a501495f9b7e0c0e634851983886c8c193e 100.0
2755477 1516346479648 1516349235125 9b9786d890e16c905082de77dcb27a025bfaa131 100.0
2750508 1516346480400 1516349230908 b666d7a3267cb3486a0309102a150e42c27d8ca3 100.0
2921242 1516346483101 1516349404343 26abaa63478f7adc8d60ae632db36ca71be1018e 100.0
3534742 1516346484049 1516350018791 607d6861631658f6369a57c0ede0507f89e75ded 100.0
2707307 1516346484527 1516349191834 a699cc947a2e3cf0f920ad01410d35369cdae73c 100.0
2793520 1516346485153 1516349278673 12c6ea5d304b430bd16ec2dee2fda89fa327d1d0 100.0
2729958 1516346485376 1516349215334 1aeffd651cb4796b23d5ec86f9002fcce8acf3ad 100.0
2729949 1516346485385 1516349215334 1aeffd651cb4796b23d5ec86f9002fcce8acf3ad 100.0
2700197 1516346486060 1516349186257 0451a259718ffa6bd702fe197240b701c8d2b91d 100.0
2804650 1516346486090 1516349290740 6cd2813dbaee6dd01f2ba1f1884698915e1a609f 100.0
3243347 1516346486773 1516349730120 4610fcbb50d5163fb08ef3bd102ad6dd4b2cf14c 100.0
2703510 1516346487462 1516349190972 ad30e774197a2df9ff974d3b65b29d6562dd3dbc 100.0
2703510 1516346487462 1516349190972 ad30e774197a2df9ff974d3b65b29d6562dd3dbc 100.0
2851155 1516346488298 1516349339453 82863634e69f72a6f410a8b1ad9d4c6905fa77bc 100.0
3597063 1516346490980 1516350088043 ae2519cc242eddae57a10a5f5eaf59d28d2b930f 100.0
2710619 1516346491054 1516349201673 fdabc1a07ce76d8c9f496976ba5111483a75e3bc 100.0
2710619 1516346491054 1516349201673 fdabc1a07ce76d8c9f496976ba5111483a75e3bc 100.0
3592332 1516346495800 1516350088132 798b3c93dc17525ec0554d094857aaaf423b9c21 100.0
3284871 1516346496388 1516349781259 31109182b047f3fcf9a6baf4e0c5a55514ca56aa 100.0
2780980 1516346496729 1516349277709 9701574f1d71af1ce5f76f21481fdc759265924f 100.0
2712096 1516346497626 1516349209722 bc922521f1c2810b44683cc2cd26992e1a7e8dd4 100.0
2807767 1516346529770 1516349337537 9e07937773ec6c9fc58db2e3ea6bd353e8d0e0c0 100.0
2722615 1516346531537 1516349254152 66f60a3538adca19660562b809a47a1b1788de7d 100.0
2732995 1516346533095 1516349266090 e4eca1cd638158be1c422cc6ed09f2f2e10b2a19 100.0
2856145 1516346534168 1516349390313 ed02f547b2df1dc1cb28a0f1ebbe788d0a0d9e13 100.0
2754131 1516346535616 1516349289747 f915e8a1294a5375a077caa696642b0a04f52ad8 100.0
2723925 1516346539032 1516349262957 63f5b59c5461181047fe7d7cc6f9cf72dcce5e1f 100.0
2770711 1516346540220 1516349310931 3bd9b149843ed524609adf3f809b10e1dfe516d8 100.0
2707777 1516346540335 1516349248112 3b1c6a5a7d6aa83cff1c9c61518a3d1cbdd06ebc 100.0
3345200 1516346542730 1516349887930 a72eeae34cd2ed5e9d698739d24d056f2ff9fe02 100.0
2700964 1516346543975 1516349244939 25a61f9ba32b2b40b6993a65784b8796e0251a3c 100.0
2700959 1516346543980 1516349244939 25a61f9ba32b2b40b6993a65784b8796e0251a3c 100.0
2700330 1516346544259 1516349244589 775c4f8cdcc3885dd8971d33024c30ca5c257907 100.0
2739017 1516346545620 1516349284637 bd2ba81a3693aba331221c456a9d6fea4729fbfc 100.0
2702977 1516346546605 1516349249582 b9403af99c66c0fa1dcccc38c38a037272a16dd1 100.0
2761858 1516346546771 1516349308629 ab41180db64b6552fe84d5215fdb510413ff89ec 100.0
2726417 1516346548427 1516349274844 ea2e774c65b867f6ee9a04758ebabc650b21c9ae 100.0
2836073 1516346549805 1516349385878 3e046d710b8a1996e15495b8967794bf45f660a3 100.0
2728915 1516346550260 1516349279175 885fad1a8e8488c00449be29586c394152e187a8 100.0
2726491 1516346552436 1516349278927 b87507c528076e8e65e3760b6e931561edd8cc3a 100.0
2702253 1516346553591 1516349255844 4652d8847ff19a4d705cbce5d769d31541457b3c 100.0
3436018 1516346555472 1516349991490 777c55397caeb513fd90f7ccdb2ee71a3d98ae1d 100.0
2830777 1516346556368 1516349387145 3e00774a5d1057e6d750f02219ddae3fee83149e 100.0
2710379 1516346556915 1516349267294 e11418fdbb381c011b10c74e14b92a59dd2e13c0 100.0
3540464 1516346557629 1516350098093 fc53ad834c6684da97db40668ac05715c3349f3c 100.0
2735451 1516346561098 1516349296549 622a713f593e4c87c1d00cecb13cbd65998898ca 100.0
2705570 1516346562377 1516349267947 7d66cc81ce271157e88b28a33f46c32a44836618 100.0
2711418 1516346562608 1516349274026 c42734ed7099a89df0c6d2f9408de37858a1f7fe 100.0
2711412 1516346562614 1516349274026 c42734ed7099a89df0c6d2f9408de37858a1f7fe 100.0
2705097 1516346566188 1516349271285 ec62bae41299cc14f9ec32f650e6bcd7993a4fce 100.0
2764738 1516346569288 1516349334026 d0cc616ce4d54ea50e4652c4f1896967b73d4876 100.0
2818451 1516346571981 1516349390432 a515243ffd5d1e7ccaa88eaf88c26ad753a12a2c 100.0
2802958 1516346572267 1516349375225 015c21f4c3334407ce613c23abd9ef81fe181207 100.0
2814098 1516346575772 1516349389870 e64d2d8dd74c330d06a3cbff2294903ed3ec1a36 100.0
2813884 1516346575986 1516349389870 e64d2d8dd74c330d06a3cbff2294903ed3ec1a36 100.0
2715919 1516346577020 1516349292939 d508b89d87b4bcf1b4b94050108bf7c04f23598c 100.0
2714990 1516346577949 1516349292939 d508b89d87b4bcf1b4b94050108bf7c04f23598c 100.0
2742171 1516346577966 1516349320137 3da90d82bacc1378ac1709bad5c1ae747f50a2a8 100.0
2780677 1516346577980 1516349358657 64903db4c01f0be50df23ef061f32ec03c6cdc29 100.0
2718294 1516346579105 1516349297399 1e7f31dd14937cbd3b6b04e78e1866682160d6b0 100.0
2732589 1516346585418 1516349318007 5465d770b8bf4e38701da425b6670d793dcd9c9d 100.0
2726323 1516346585557 1516349311880 c90debe57f052e84d77d988d8ac17789f6549b7f 100.0
2726186 1516346585694 1516349311880 c90debe57f052e84d77d988d8ac17789f6549b7f 100.0
2705512 1516346590462 1516349295974 f7bfedcc97add4952aebd06cb656d26d5c499a87 100.0
2773020 1516346590659 1516349363679 d4d02be683fd688439281598dabe4b972eff7296 100.0
3112034 1516346590704 1516349702738 80426f046e72969cbe357c14004a9a6d27420ab3 100.0
2721830 1516346591795 1516349313625 fb9ffdeba9e90b44c1a22ea755c72388975c55e7 100.0
2717925 1516346591799 1516349309724 92f7db511e64da6934014a44333a52e954e2f596 100.0
2714213 1516346593194 1516349307407 7fd9ffcdc073ea42d80df4343fe3a80b050f023c 100.0
2821095 1516346596665 1516349417760 26452175b99e2abf5fec9bbbc1f9794e6b37f7e0 100.0
2880868 1516346600149 1516349481017 25e28325ecc1438ac7f4540d4dd723798088d3da 100.0
2722755 1516346603584 1516349326339 7b60520a956da13fb3b64ccb6e421223a45f7094 100.0
2706392 1516346604067 1516349310459 96cb07aa8988436f59505008ce71681bcc046a9f 100.0
2762483 1516346604198 1516349366681 bfd6602001b75696ec34e5d4a70c63c2f07fd0f8 100.0
2708252 1516346609756 1516349318008 4948c0578ec9242f6346ad27e654926e5b5aeb07 100.0
2814707 1516346618201 1516349432908 aea116e241781ff12a810e58f06732e2e1b2e662 100.0
2849836 1516346642192 1516349492028 92195e5d1b705a08c46b0490489c3c7022966014 100.0
2726445 1516346644868 1516349371313 a833b8d6400d1fb5d14cbab70ad36ef826cf1c74 100.0
2778917 1516346646483 1516349425400 297468cfc3e2588a6b0774a22944f9f0c643c6c7 100.0
2743916 1516346647560 1516349391476 feb857f09c5aa1db46f2dbb2ef56df96ff884346 100.0
2750565 1516346652406 1516349402971 d1777eefea37956c73c01827868f6a83bac692eb 100.0
2711767 1516346653079 1516349364846 00627ff25643084524eb0803160e5b9d934fcade 100.0
2700891 1516346653313 1516349354204 94eb998b49e5b02d16db950b00251d8bf0829c72 100.0
2700874 1516346653330 1516349354204 94eb998b49e5b02d16db950b00251d8bf0829c72 100.0
2706141 1516346654673 1516349360814 a95df59e583a4532ff1ed61a2fa3db94adbd7ad6 100.0
2737525 1516346657484 1516349395009 a18318d82b3901409a390e410fb162433418f129 100.0
2725667 1516346662690 1516349388357 dab6e808683c9c69220e2f2076c8139d636d25c7 100.0
2720711 1516346664115 1516349384826 4dd98a812d0ba471b2190f66383d3907d9954ca8 100.0
2955842 1516346664439 1516349620281 f3be7080bbf9858b87a3bc4038b7f346962e6162 100.0
2777801 1516346665306 1516349443107 7b2d371fb372ac0cff3434d6d47a11684d76bd3a 100.0
2711570 1516346666479 1516349378049 b8ea25a39fe4b1d79dcbd895f28395555563491d 100.0
2704903 1516346673093 1516349377996 4011d5f01c898120b8790b881a0dc05e8040b661 100.0
2915622 1516346673365 1516349588987 9cb2f72e0e02ceffa1e60e52f6164eff99826389 100.0
2721150 1516346674917 1516349396067 5c185e97340a90dfdee5257173d1d0ecf9bb9d16 100.0
2716317 1516346677355 1516349393672 6547f8db00b0f293aa32382e83f1bbc7029db330 100.0
2736601 1516346677844 1516349414445 9b083ee007427597799ab576d767d5bdf60a461c 100.0
2730227 1516346678991 1516349409218 85b8dec75bf3f40075373911c16b9280a6dcdfc9 100.0
3117320 1516346679257 1516349796577 df041c0752636adf9d1bcb63673544f7179f8233 100.0
2764438 1516346681134 1516349445572 99f0ee177d9a13e6d145d6335851771daad87221 100.0
2712453 1516346683353 1516349395806 c4b3cd89ece8cdb27dcacc302ec2d72caadf2c5d 100.0
2714048 1516346683420 1516349397468 35a9fed50dc0c096f0325ed7c5b42c6a816382f2 100.0
2808315 1516346684111 1516349492426 d55a7120a403ed728bbeb93aa9c170dbd8fa628a 100.0
2758026 1516346685518 1516349443544 81a609cd6623387a083e820b18254212f10c7e86 100.0
2700598 1516346691261 1516349391859 af4827381e65c688b65d5c622be8707ef5219c01 100.0
2719668 1516346691315 1516349410983 9e9da355eaea66248d6bd9f400516a5dff967544 100.0
2780158 1516346692505 1516349472663 b912408f553861aa6ce0ff580039b32beda7ed44 100.0
2714559 1516346693136 1516349407695 300d6159de331704d70eab615889ee0afc6b773d 100.0
2701165 1516346702058 1516349403223 214e8775d10181acac3ba2004a6de2ba82ab3d29 100.0
3492357 1516346704803 1516350197160 e7de2edc08bcd0e9c7c82d2375f72fe522618fc8 100.0
3492420 1516346705276 1516350197696 759caeae1f9322e669fc6ccc6a4120ccad52777b 100.0
2755893 1516346713757 1516349469650 2a6500f7b3fe39cfd3b42f34f34b352a668ec103 100.0
3072223 1516346714562 1516349786785 d3dd394aca6286e23f53949893175ae66b2916b1 100.0
2708269 1516346716463 1516349424732 3d6fa30e75fcee4434d7c3700dfd98d952c01501 100.0
3049304 1516346718114 1516349767418 e9f197416ffa6c60a8438c341fc183f65f7fd5d4 100.0
2713170 1516346718369 1516349431539 d87954f527b90fedb7e7628467f467fc064e9796 100.0
2722827 1516346722136 1516349444963 97619793af177c6d872f2d37175b91fdfbbdefe5 100.0
2760946 1516346724960 1516349485906 1747ad29dc577ed9570748a50a941a1c90dfe6e0 100.0
2850217 1516346757519 1516349607736 9f130f209ba655e1d736e05b29b4e67da27413c8 100.0
2799141 1516346758081 1516349557222 6162fd202a07965beb1fbd2c8eb9b5850b7c8e9d 100.0
2921392 1516346758358 1516349679750 748cac89ccf06337e5834295f1c0f540d2e4feaa 100.0
2921266 1516346758484 1516349679750 748cac89ccf06337e5834295f1c0f540d2e4feaa 100.0
2764615 1516346759266 1516349523881 330e202bde79c994f9ab4bc764c3be7d72941c8c 100.0
2798943 1516346760399 1516349559342 f162a7c691ca5e0699a1272de655da933d8a8c28 100.0
2730823 1516346761821 1516349492644 442d501fbe9bab316a50833057cf4158fbddf2a3 100.0
2733460 1516346762783 1516349496243 c5d0a2b278dcd2f9599d877c5e2ae6f1104c19b1 100.0
2728329 1516346764069 1516349492398 cfbce89e1107a5f6b28cc0c01eccdc8db91656b2 100.0
2726688 1516346764291 1516349490979 518eab16c8ff45f3bc839ce758dbec2f38548c57 100.0
2722602 1516346764293 1516349486895 581811484c4afe30b6469f74995ad6036857fc3e 100.0
2776830 1516346769710 1516349546540 93778f1200814f40e009fd816e7fe67dbe94993f 100.0
2789173 1516346773220 1516349562393 13bc013f715c459851c320fe5e5a8737ff8e8b6c 100.0
2766183 1516346774016 1516349540199 d125a162e51420d73df7b6aec7c9a2b73215e71a 100.0
2808783 1516346774260 1516349583043 478ed6e93f8b14aa37b2a6327583867a5a7987f0 100.0
2742149 1516346775022 1516349517171 dfc524590932c317c412fa3e49dd9d32b43dc696 100.0
2732903 1516346778714 1516349511617 4085b3748470df0babdba57bfb7cf91f76be4e31 100.0
3317804 1516346780259 1516350098063 547fddf7d470f573bb067be1db9576ededf20123 100.0
2718140 1516346781004 1516349499144 61009dda28fac4048e9e49756c93299d471e3559 100.0
2745904 1516346781930 1516349527834 63412c8aa93522c24b104dd52eb2b4e27c5ddf1c 100.0
3101379 1516346782648 1516349884027 a029a3e3560c12f64b601f6f0c484639056faee5 100.0
2708388 1516346784000 1516349492388 6cf31c6031492e71f6a5635eb1298a92377b2101 100.0
2703747 1516346788645 1516349492392 ee1c91e5d17952f3ec87d9d9261dd7f4b39133ba 100.0
2704251 1516346788781 1516349493032 38f99af1cfc3994bb4126144919b7d702f1f86f6 100.0
2705079 1516346789057 1516349494136 7d9cae7a322826e00b993e4223218856e5af7a93 100.0
2758577 1516346789283 1516349547860 3d329cfe825433a26bacbda99b219500cb0526e1 100.0
2758577 1516346789283 1516349547860 3d329cfe825433a26bacbda99b219500cb0526e1 100.0
3293130 1516346789654 1516350082784 7fd42a1488fa0883769cac4f722ae090dfa47e79 100.0
2725827 1516346791148 1516349516975 31bb05895a4955e5c49a97cbd761d04d26455146 100.0
2754580 1516346791630 1516349546210 c1b13de4efa5502cb633ee9bbd94cb4bc39840d8 100.0
2757029 1516346793398 1516349550427 370c3605f72c5ed564cd8f181fd7261d66840df9 100.0
2754855 1516346804119 1516349558974 31145fea4b85d46f2cd6937d0cf3f1cff4861052 100.0
2702054 1516346804619 1516349506673 7b8a26139e66131f73b936d03369e8d5d546cac8 100.0
2719866 1516346806522 1516349526388 4b999d0ff1b16d8536db100c1c29c5717cd89ac2 100.0
3345859 1516346809399 1516350155258 06a31aed8395d7ebec113cb7d72c04941fe5af57 100.0
2733070 1516346811730 1516349544800 a45bf862c900eebb15cbfe4efa5962bca1c92db1 100.0
3180475 1516346812615 1516349993090 dbf54fec20d2f0185f162fc2cf0bd9822690a1d5 100.0
2771559 1516346812700 1516349584259 ba2ba85a5ad159e405e012a3aed6903917c4fa32 100.0
2770094 1516346815366 1516349585460 787af30572bf661c38738287f61ef2c8364f9919 100.0
2731539 1516346823929 1516349555468 e66851047a8c3809d7fb5e52bad903d41c224def 100.0
2763061 1516346828177 1516349591238 bf99cb0cec7b03e261ad2bcb163161aad13ffbbe 100.0
2730412 1516346831369 1516349561781 d58e60aeb193b680d87d155a5966086cf284c2fe 100.0
2831125 1516346835060 1516349666185 3ca975368ef9bf715dd0c357822176254e3483fd 100.0
2740569 1516346835286 1516349575855 a76180456d47a1b2199eb198369b30a77796b8bd 100.0
2754809 1516346836174 1516349590983 88b238b70b039cbd61c34d64ca57be029c4226fd 100.0
2782589 1516346847784 1516349630373 6a4a9bb811d6ffb36da303705a43cbcaee0556ec 100.0
2708572 1516346848637 1516349557209 ddc206cdef51834e33b7e95d224598a3163e4f17 100.0
2718747 1516346848642 1516349567389 07df2fd8d42c3778135e4c174266a6c985d89ae9 100.0
2708551 1516346848658 1516349557209 ddc206cdef51834e33b7e95d224598a3163e4f17 100.0
2735917 1516346858212 1516349594129 6059acc2843c8036e19b053de0efba748ddedcb3 100.0
3518323 1516346859193 1516350377516 0dc75fd16cb358dbc1e4da5ab050b973c9aaad61 100.0
2716825 1516346859463 1516349576288 802c7909944ce1549984cb0e02c4071f41e50772 100.0
3518019 1516346859508 1516350377527 e84a6f2f557aeffd3696a1a1364e8cf93f07f490 100.0
2794332 1516346859997 1516349654329 80b8f2a035523ea53af5eb87f28fda6505769840 100.0
2740013 1516346862199 1516349602212 99e4d065d002c655144ce4b94d149bd70b211f31 100.0
2784346 1516346863020 1516349647366 5b33e88e833b61bed1bf570922856ab517ba23c1 100.0
3595897 1516346865289 1516350461186 0dc75fd16cb358dbc1e4da5ab050b973c9aaad61 100.0
3587468 1516346865288 1516350452756 136f6e583b98b651c7f1872dfe88dc5500219d15 100.0
2747144 1516346865571 1516349612715 9c7377c997a42d8372b4026053a8fd0dfea7ec59 100.0
2712079 1516346870284 1516349582363 8d133425fb63123816990311182ed24cd29c2216 100.0
2789777 1516346872105 1516349661882 02960a1a0dbb6f6befbd559ab46a37db175f5052 100.0
2704422 1516346872393 1516349576815 0df4af70d468f5c564b675984f40f037f950b938 100.0
2743252 1516346874282 1516349617534 bbebb7afb1efb93c629b54668c58b87aa94e431c 100.0
2862407 1516346875579 1516349737986 7ad148a7aeba9e8d39798d8586406c54d3912110 100.0
2720006 1516346878356 1516349598362 97e28e5ffda78fa43373ab59be80cbe6d425e5b1 100.0
2706756 1516346882637 1516349589393 ded535bce16f303d0184843c066938a15f9f9758 100.0
2747453 1516346883031 1516349630484 ffc5c910fd4e52549a83de04a80be8d0e388cac3 100.0
3487463 1516346883170 1516350370633 eafcca531d3ecb1c284e708d70812a483de6ff82 100.0
2843683 1516346884109 1516349727792 9539156494a4ad906a4b258fc7b79f526b2b7527 100.0
2704060 1516346885485 1516349589545 a66e51e72077641f950e4c5cfe022f1a3bb90dc0 100.0
2723690 1516346885804 1516349609494 2b19ac61c208483c4c6c3c490227ea56067ccfce 100.0
2744082 1516346888838 1516349632920 1b454e6d6ae9ba267d758c0db066c6a5a6f6118f 100.0
3582715 1516346889285 1516350472000 83dab101073e8276baf8ee31a3c7edabe6e56396 100.0
2997923 1516346889558 1516349887481 9ba52f263d2f13e6c4a8e7dd7d9553d6b04d6d24 100.0
2767612 1516346893331 1516349660943 c769012a6177bab3a94f407b3cc32bcfe7c1797b 100.0
2707762 1516346894392 1516349602154 2470ce292817859932f1d57e139ecb61a7a3405c 100.0
2812134 1516346894404 1516349706538 da47b82763b44fa06859154eed5999003123298c 100.0
3557127 1516346895630 1516350452757 3a15d4549596c96380b9fd19813515a1507280da 100.0
3288151 1516346896786 1516350184937 713b2913598e985c0318d9688aa294d6b71353da 100.0
2756656 1516346900632 1516349657288 9334c74c9b8fb9a2c64a41911c60b2928f469960 100.0
3538384 1516346900990 1516350439374 d56f07371b2666813c5398e160474ab404101583 100.0
3281565 1516346901228 1516350182793 3349d4c884e6ffbec4da13e30aedb10d0b040d25 100.0
2739494 1516346901598 1516349641092 cd166f466d984b37b99a8da3e14455e1eb416cd9 100.0
2726562 1516346903615 1516349630177 97a103152ff603899bd385114f4548e77787add6 100.0
2798684 1516346905145 1516349703829 f786788c82bf3ce2780cce80d808937ce42340cd 100.0
2702420 1516346905601 1516349608021 17cd718d6c0e81d2afc26a0aebb2b165ceb84bb3 100.0
2718320 1516346910360 1516349628680 f71c5f4f85c9f9fc0f2b899d7a32c2ce1cc95983 100.0
2707749 1516346913965 1516349621714 6d4ddf9b133a920f00f2bfbc87985b8d75b8aeb8 100.0
2739477 1516346914336 1516349653813 047ce6241fa57dd85909a2be088522f3dfe000df 100.0
2708032 1516346914651 1516349622683 01f1234f0999fdbe418222db8bff406c45492624 100.0
2708031 1516346914652 1516349622683 01f1234f0999fdbe418222db8bff406c45492624 100.0
2707395 1516346914731 1516349622126 ffc91b3ba335df3c60b3e628645949ebbd95c3fc 100.0
3358026 1516346928666 1516350286692 23821de0b499d3553c1bf82285691c977538e03e 100.0
2714111 1516346937825 1516349651936 d9b546559409fcda9e472e2f5f11bf5575f8370c 100.0
2746044 1516346938976 1516349685020 6369ddf297c75e02cf0b58e984f690bcf742ef57 100.0
2716577 1516346939015 1516349655592 ed05829a6593ce9007b563cf6341285b4b634084 100.0
2722935 1516346939753 1516349662688 acf66e4de601b6ffab59a9c3c041cd8659900c97 100.0
2750007 1516346939924 1516349689931 6ae84c432c97ee1e1bf414fc7e46ab202556984c 100.0
2750007 1516346939924 1516349689931 6ae84c432c97ee1e1bf414fc7e46ab202556984c 100.0
2713197 1516346940104 1516349653301 407c4d20c7c79141586489a5ad5792f23f10eb8b 100.0
2704008 1516346940415 1516349644423 a7a0ce17b638caa23d31d9a281783b311506402c 100.0
3065497 1516346941868 1516350007365 2b9cb6cadce4fdadfacf4932584b728fa9a76214 100.0
2703324 1516346941904 1516349645228 addfb320a84bc8e94ae401745048536ae45b1a2d 100.0
2761355 1516346945753 1516349707108 016fcafb9651f03e40fae553179538ac9420cf56 100.0
2812625 1516346945937 1516349758562 d919d45cdf498e25051b4ffc2fb068b934369fec 100.0
2700719 1516346949861 1516349650580 929cacad8251f512fe3d300fd9c84ac79b007595 100.0
2778049 1516346950086 1516349728135 f5701bf26141a528f273415ad1c964c1372c5ecd 100.0
2703090 1516346963518 1516349666608 9add1c89f9095fd6caf395979fd3f8e811ea5e44 100.0
2728667 1516346974289 1516349702956 0aebb2c15c0935cd2845d5da97b3c1307f1d0e47 100.0
2873228 1516346974428 1516349847656 f89400635b3f023ada03755fb2bf537528448e3c 100.0
2707626 1516346976969 1516349684595 fd3a6cdbb5a8be1cdfdad443b7dd0de2141eb79e 100.0
2818137 1516346977526 1516349795663 01d8d44d28fce9b22f1f0f982638b74dca2fe232 100.0
2818135 1516346977528 1516349795663 01d8d44d28fce9b22f1f0f982638b74dca2fe232 100.0
2731066 1516346980398 1516349711464 60fa8ff067083c7f55201b08615d62ab8f633c03 100.0
2713974 1516346980776 1516349694750 5b0fbd5601817b250325c1827fbf928ce42ee0ac 100.0
2710769 1516346984182 1516349694951 b631bbc46e918b0d7f1411b8210955b031461f7b 100.0
2714999 1516346984651 1516349699650 7597d7a39929d9d288eeb8595d6451c7d14398da 100.0
2704212 1516346987455 1516349691667 577c2ddb3cf48529faf33532487a71c651ccd4da 100.0
2700523 1516346992003 1516349692526 4a167a118122878c18803179c33c443dc777786d 100.0
2700523 1516346992003 1516349692526 4a167a118122878c18803179c33c443dc777786d 100.0
3574756 1516346993862 1516350568618 8d3d350de952912cc5bf279c3e1f2ea81845fb8f 100.0
2704233 1516346996173 1516349700406 467459f1f43fd25195c9278dc9ea33c90fb2e4bf 100.0
2705949 1516346997311 1516349703260 f23241d9b46e9e2c6fe189c838c1da5b6199b0fd 100.0
2820868 1516346997604 1516349818472 2455fabe14eed6068070cbff0330a6cf2133b807 100.0
2820866 1516346997606 1516349818472 2455fabe14eed6068070cbff0330a6cf2133b807 100.0
2702175 1516346997660 1516349699835 77d531136297c1fbc7981229860b1e03d035d820 100.0
2702174 1516346997661 1516349699835 77d531136297c1fbc7981229860b1e03d035d820 100.0
3561155 1516346998848 1516350560003 582342848cb1575797f686e05dcbe03be797649f 100.0
2701933 1516346999654 1516349701587 0282ac76d17c811a45738f8c493ac2519cc7ec49 100.0
2727693 1516347006130 1516349733823 a2bd54b3748be73b513eb1171b09a7fea9f31ef8 100.0
2709387 1516347013411 1516349722798 43dc2881a004402e4078f6fb2420a06957dc5031 100.0
2704590 1516347013624 1516349718214 76d180a3ecb985150af534c9a037f718e20dbce4 100.0
2716881 1516347021695 1516349738576 8dba75d2cd9856835e95c59d572602ab18efcd8e 100.0
2713444 1516347022257 1516349735701 f4a9b3f1c0a2306fcb63f6250875decb3cafbe26 100.0
2713938 1516347028838 1516349742776 21a8b04e10b07e7f0150b0592495bbe8b3191f81 100.0
2763660 1516347041993 1516349805653 3dd4c585718462091acec78ff8d4e80b04fc99d0 100.0
2707253 1516347050110 1516349757363 19fc0f757224e19d1aeeae4a4ac3b27bc83ecfae 100.0
2748816 1516347050580 1516349799396 52011fd13c3adad67f46b169e2b7467f726f1c1a 100.0
2706552 1516347050811 1516349757363 19fc0f757224e19d1aeeae4a4ac3b27bc83ecfae 100.0
3132915 1516347055678 1516350188593 0a04d98158489adc9edaa36ec58aa173c367cb44 100.0
3598737 1516347056863 1516350655600 acb848b8f0c6244b4f3de98f0f5ae36587b5ec73 100.0
2777217 1516347058070 1516349835287 3bd50706b43f0d17a959e98d05ebcf31bbf06bda 100.0
2708128 1516347059088 1516349767216 96987364f8e3a2a0dcc090d1b7a1bb94ed217025 100.0
2749344 1516347059713 1516349809057 67ddea3b9ade651d63ffcf49254fd39ac8c035e9 100.0
2737751 1516347061408 1516349799159 6775523f605258bb4bca412a0ec31d1f4e5f6466 100.0
2719083 1516347061770 1516349780853 979874baab458225eeb9745398eca2786ac0ae75 100.0
2710216 1516347068483 1516349778699 09c0d8996a45c3d2c6de985a91c154e1521e04c2 100.0
3568196 1516347087313 1516350655509 e55fac3a85bbc4ba097d181fcf61d689f7e781ce 100.0
2717835 1516347087481 1516349805316 bde95c095aa78e92b5dd20055d553518a57995b2 100.0
2703768 1516347087953 1516349791721 cf296c6d84fdc649bbb57e513f66c98222c536ae 100.0
2700182 1516347090502 1516349790684 f245fb5af671b2a21d6cbfda760b59c3e3a76b19 100.0
3579082 1516347092574 1516350671656 349ea53c17f7f55af58d92a6a4b48fb54e5ada40 100.0
2715591 1516347092857 1516349808448 8a48c0e2dd3b027f9706db85909f279ab8510f04 100.0
2737234 1516347092868 1516349830102 6ad4beac72775af3488c89252db0a6f6ce4efb54 100.0
2994716 1516347093089 1516350087805 0fbd286254825b9060ec1bd491b846e178a4479f 100.0
3575519 1516347096131 1516350671650 92b3fcf1332391e8ef59fa6f3eb216dff2921dc4 100.0
2740291 1516347098052 1516349838343 5383562f48ef906d978b599f15153eef1f5d967e 100.0
2751942 1516347101127 1516349853069 916ca0ec90b5d3cf4241b7737b944ad58e28e1ea 100.0
2766684 1516347102037 1516349868721 7b07b06f980b2faafaf12610f82e2dd8286a1317 100.0
2701712 1516347102338 1516349804050 b366d72a823b6624d22e5ac4f119dde8b8c790c8 100.0
2788879 1516347105830 1516349894709 5e36890f6190b3550582c5a97213735eb78d5cbf 100.0
2704691 1516347111055 1516349815746 c739e8c83a16726f9dfbe495a71e5fe3f6238afb 100.0
2736170 1516347112281 1516349848451 1bee07d7a9af4000905e4280205d9d66f76a3227 100.0
2826177 1516347113459 1516349939636 7cacbb840cb2b096de4b052e0eaadb717b1dd132 100.0
2899119 1516347114909 1516350014028 15bdea3bd362b9db8a7020d5d9118a2c0ed5213a 100.0
2705889 1516347116463 1516349822352 a813d2f190467b5285e70789311d1b7dd87836fa 100.0
2726055 1516347117575 1516349843630 78ffc5f250df653618c717f881a4dae5e5119099 100.0
2729992 1516347120124 1516349850116 67b973f6953364ffd81e8004e6eb88e59ea87231 100.0
2792098 1516347121699 1516349913797 d1540b06f9d245f0ecc75dddf349f68017f1c6d4 100.0
3445908 1516347122525 1516350568433 51e7a485aefc6b14fba955a5cfaaa0471d8038d4 100.0
2704695 1516347123681 1516349828376 47bce81fa628e9af4897b161eda9308c9ba31aeb 100.0
2724765 1516347123760 1516349848525 fd4bc850770266a65651dfb95a8e1c675a5c2faf 100.0
2704317 1516347125780 1516349830097 c05e745d6cbd9f7faeb8ebf47f9a03d9d06fde97 100.0
2755595 1516347128580 1516349884175 ad8fa0b445261ba50efd61b2b1f492ef8dc34567 100.0
2731270 1516347129178 1516349860448 815b88dee3dfa63b959bc9a7911a1e0cfc4ca54d 100.0
2702709 1516347129732 1516349832441 ed511599ecb461b54643230a8ea03d6a87aacd8d 100.0
2814671 1516347129795 1516349944466 2b7dbeadf53db5d9d87111ec3880edafb8d4c3b2 100.0
2737883 1516347130456 1516349868339 220d7567aa32a9b4deb9960c239e096a25ca8891 100.0
3435129 1516347131632 1516350566761 61571c51342a8abd259a3a719677f56a60d85952 100.0
2714847 1516347132948 1516349847795 9059ea29a72bd6db37bf8c9e12c378130e10dc78 100.0
2714847 1516347132948 1516349847795 9059ea29a72bd6db37bf8c9e12c378130e10dc78 100.0
2749145 1516347133169 1516349882314 e4c7811bca1f29d5b7c2dc393d5bd40b935a8cf6 100.0
2845978 1516347133632 1516349979610 4a96bb97fbebf54db7b80265263edd2999af53bd 100.0
2711976 1516347135933 1516349847909 c0726350a6fb69aea84f8773484f21950b40012a 100.0
2729609 1516347136254 1516349865863 b8f491642af4f74d54313f85422ffef2644bdb13 100.0
2703104 1516347138187 1516349841291 4a9151baddcba614e6bb449f75c79e6e7cdef4e1 100.0
2709175 1516347138535 1516349847710 48e12b1ad32044c1e904752287d7adeb77968824 100.0
2741982 1516347139392 1516349881374 1fe54e328d28b08c74116a6f9d9505014bec8963 100.0
2767324 1516347141934 1516349909258 772950a9fab5ddbf000cabe18f31c1b12f2f4ad8 100.0
2725369 1516347142712 1516349868081 f158f00bd9347647ae15e544227490ebcc4d4a83 100.0
2703072 1516347145878 1516349848950 a865b8bb7a52bc1b5c0620c1cca6fdbddf5e7c08 100.0
2707520 1516347146458 1516349853978 8dfeeffd217114c38ca6c9b28d66057c629b7161 100.0
3599906 1516347149872 1516350749778 6078c15f4970d35244590753fc94285f3ea617c5 100.0
2708638 1516347152731 1516349861369 b87add3365044ca165e327700eeb43c676aaed5d 100.0
2794676 1516347153352 1516349948028 eb1bb6a6a82db3ee428f610a7dd1d0a588a7d0e9 100.0
2704006 1516347154929 1516349858935 72296531a1f033c5ad167bbed65c0793425443b4 100.0
2733752 1516347156453 1516349890205 2de24f861c06206814ee63fe5dde4b6c7dc24593 100.0
2733361 1516347156844 1516349890205 2de24f861c06206814ee63fe5dde4b6c7dc24593 100.0
2801801 1516347158030 1516349959831 78cdef079fe15313e84517f81a028482b2e75d06 100.0
2726751 1516347160666 1516349887417 9793489e0af5fb7d34369be36c7293dd3cd4defc 100.0
2924268 1516347163857 1516350088125 3f707d136342063b31c2de2084106614cf2a4a8f 100.0
2924267 1516347163858 1516350088125 3f707d136342063b31c2de2084106614cf2a4a8f 100.0
2780665 1516347164070 1516349944735 263040409bd6ff96117340853ea7ba8ab05392e2 100.0
