2992039 1516345053007 1516348045046 b47a184892eff6f1c39147c70b5968c7160bf021 100.0
2740678 1516345053387 1516347794065 eacafdd42f42aa752008a835985905d66c8ebe87 100.0
2702836 1516345053899 1516347756735 80fe6f8f4cc36d46bd815b03d85ee8be90d36d7a 100.0
2740075 1516345053990 1516347794065 eacafdd42f42aa752008a835985905d66c8ebe87 100.0
2746461 1516345054127 1516347800588 f40b8d156491a83173109cdf801b5a37e5a890d3 100.0
2702514 1516345054221 1516347756735 80fe6f8f4cc36d46bd815b03d85ee8be90d36d7a 100.0
2890628 1516345054223 1516347944851 b72e71acee08b9de69b229cfba5ee50558f72a32 100.0
2745752 1516345054836 1516347800588 f40b8d156491a83173109cdf801b5a37e5a890d3 100.0
2701678 1516345055057 1516347756735 80fe6f8f4cc36d46bd815b03d85ee8be90d36d7a 100.0
2742086 1516345055811 1516347797897 79cd7bb9107dae4a83275294e5ce26c23e4940aa 100.0
2741892 1516345056005 1516347797897 79cd7bb9107dae4a83275294e5ce26c23e4940aa 100.0
2709760 1516345057027 1516347766787 caaa3a7f19b95d142679d9fc1c7640133f02f0df 100.0
2721001 1516345058673 1516347779674 b0dcc71da185c6639408e30d98a5ff19bdb3cdc3 100.0
2802145 1516345058917 1516347861062 3e69cd78e4e97a14588679fadaaf01b2a895ec54 100.0
2802141 1516345058921 1516347861062 3e69cd78e4e97a14588679fadaaf01b2a895ec54 100.0
2712448 1516345060314 1516347772762 6f2ed76731daa1491069ee6e8867274ba62dd7c6 100.0
2703056 1516345062596 1516347765652 fa6e66fb10a01004ee559088835391d53d56e2b1 100.0
2717812 1516345065737 1516347783549 792a1e73de62549ec0fea9e767a4d703fb19afc2 100.0
2877680 1516345067167 1516347944847 ca327b353073a1c1384af35ba7fbf522fe0c01f9 100.0
3407358 1516345068741 1516348476099 e7f83c4215eb959540e48e920fe84e8fe4eaaed4 100.0
2715148 1516345069458 1516347784606 8c76e9a7898f506a29616ad759529732fab95c36 100.0
2704706 1516345069615 1516347774321 2d2d5d350d4e6bf063ebf2a9b1bb65240a1d29d9 100.0
2705502 1516345071258 1516347776760 6f276e83aa3facd8071e30a897a8aa755a64af63 100.0
2713333 1516345073611 1516347786944 5d85d4d8485ee718f16fd260742eef1e7c019232 100.0
2734611 1516345075148 1516347809759 728a5fb820e9c7e737ab1a62959e9be4ae1bc7fc 100.0
2969211 1516345075690 1516348044901 67438c998d1c2c6e11d2e4fd44c2619a471dade3 100.0
2740305 1516345076003 1516347816308 a364ebdf19a2752db137a22dccf5197d3a67e5a3 100.0
2771198 1516345076156 1516347847354 fa584befe5d7c76375f2ee69554a932f96c7fe1f 100.0
2940141 1516345103894 1516348044035 e51d8861480d6693882032b01c9b61448a540112 100.0
3035175 1516345104044 1516348139219 79fa5ce548b3942e01a0177c22ce2752dae754fb 100.0
2710678 1516345107475 1516347818153 c3d45b5efc7e1eb9ced43d499bad077921e18e89 100.0
2748983 1516345107687 1516347856670 ca29b826b4f66eb2ce2e4c97c74099fed62695d9 100.0
3031153 1516345108040 1516348139193 15c6489f407459ca8460b0d01492702c9c1bd0dd 100.0
3031153 1516345108040 1516348139193 15c6489f407459ca8460b0d01492702c9c1bd0dd 100.0
2709835 1516345108283 1516347818118 c22b0995e25a7f3275594e1be089cee91c3974fe 100.0
2715480 1516345108290 1516347823770 73d2c84c519efa07da901f723591c695cfe84447 100.0
2852551 1516345109837 1516347962388 302247d3a8514f137229aa2945fd5a1185b2f869 100.0
2821601 1516345112335 1516347933936 f4f250fdce7a2e9c6c44db6b0abccd0235daad7d 100.0
2716201 1516345112640 1516347828841 40f46b38fa58e4fd1e5f7bc57d56b7187faefa05 100.0
2926969 1516345113856 1516348040825 d885c80b30907ac9b19f93ee3c8ee68e25a349e2 100.0
2847862 1516345113954 1516347961816 dc2e648861eda59af923c5ba2219e3e2370328e0 100.0
2841161 1516345114740 1516347955901 d5b662573e58d83e931c3b613b32f92e7f0cf2b4 100.0
3122523 1516345115387 1516348237910 329932d3f6eb9da35b027742dbde90e06db99c9f 100.0
2835565 1516345115903 1516347951468 72dddddb504686eef7a906445c091771653b3321 100.0
2754586 1516345115997 1516347870583 40c47aad55973859b926fe0654c79ac4ee5992a0 100.0
2708013 1516345116137 1516347824150 45aa43945db2ef0f2b52fa023802b4dadcd248e8 100.0
2738157 1516345116138 1516347854295 7220e06bfce251ce531d51c77e9ab246553c5b37 100.0
2738704 1516345119022 1516347857726 7f55635caff08e0f069345d9cc498fd61fbc0923 100.0
2733113 1516345120629 1516347853742 2d7135df56030b22f3f142cf42858a593134ae1e 100.0
2733113 1516345120629 1516347853742 2d7135df56030b22f3f142cf42858a593134ae1e 100.0
3343279 1516345121541 1516348464820 78f6eafacea9b60d889456d38e76e5eafbe4b2ed 100.0
2724610 1516345122561 1516347847171 c2a1cb9ab69951e902a0b173c112c8c1e959a632 100.0
2736850 1516345122717 1516347859567 af876d161f7e9a65b29c5072376f497c44a21f10 100.0
3362281 1516345124278 1516348486559 1cdf54cbfea0ba3689be7257d4e927af350a444d 100.0
2729092 1516345124542 1516347853634 25e28325ecc1438ac7f4540d4dd723798088d3da 100.0
2728975 1516345124659 1516347853634 25e28325ecc1438ac7f4540d4dd723798088d3da 100.0
2730675 1516345126029 1516347856704 87f0045afdd54b7ee72482c4ab84bb9ce00a5782 100.0
2720297 1516345128231 1516347848528 8dab663b969842a34be4e459dff28068e04a07c5 100.0
2739815 1516345132067 1516347871882 5e57b482168febbebcba33448c99ea00c9bcce7f 100.0
3585737 1516345132411 1516348718148 78b8c194fb18d09f9410bcabddfeb71fd7ee30b3 100.0
2794365 1516345132442 1516347926807 527c64936a6be5b3ad8fca4ed516c97e718e07f8 100.0
3584281 1516345133867 1516348718148 78b8c194fb18d09f9410bcabddfeb71fd7ee30b3 100.0
2723766 1516345134868 1516347858634 8ef95f9cf454aee0fbf2fcceea3696f3820fc296 100.0
2721759 1516345136661 1516347858420 38029cb73c2ec06c2b3961633192556b2d9b5a3b 100.0
2723913 1516345137159 1516347861072 5dd361f53bba1f4de3795e085a024b5ae34d5538 100.0
2718397 1516345137620 1516347856017 3591ae48e26030e60e957597588dc0971964a034 100.0
2718479 1516345137538 1516347856017 3591ae48e26030e60e957597588dc0971964a034 100.0
2721251 1516345137757 1516347859008 4d9b66faa4709c5d26a34642aa66437933514fec 100.0
2722536 1516345138536 1516347861072 5dd361f53bba1f4de3795e085a024b5ae34d5538 100.0
2799774 1516345138602 1516347938376 d11a0971323b509aa9d59e019491b7be291f1195 100.0
2716441 1516345139576 1516347856017 3591ae48e26030e60e957597588dc0971964a034 100.0
2735750 1516345139749 1516347875499 87558e904169f258a9573fac797e4e67a463cf40 100.0
2720309 1516345140071 1516347860380 ade1eb05f764d7dc07d72905f46f394992fad3d8 100.0
2725734 1516345141036 1516347866770 a01389e8a3266674f3db21c8f9fee47ac33c36b5 100.0
2725267 1516345141503 1516347866770 a01389e8a3266674f3db21c8f9fee47ac33c36b5 100.0
2727566 1516345142964 1516347870530 aa1eecc7f7ccea27480495c8c8ed30b5ede82be1 100.0
2705364 1516345144009 1516347849373 f4a9c0a19c5b0f4a4a17faa1034123017962df9b 100.0
3599366 1516345146120 1516348745486 51ae9ba28aca15c596681c19ec2752712a3c5dcc 100.0
2801285 1516345147021 1516347948306 2caa530c411602f193c4356543fdbb32cc9ec3b5 100.0
3593571 1516345151902 1516348745473 5aa34dfbdc24200160a47a996c3428148a5bd6e6 100.0
2872986 1516345153219 1516348026205 de72b6616c52bb4852059251f91ad2146d35e290 100.0
2704614 1516345154045 1516347858659 c8b1fab1ba79ea3ffc507849f5cad9e756761b22 100.0
2710461 1516345154295 1516347864756 c052a786b5759798f8ecfda3ce2022437bbbcb3a 100.0
2710460 1516345154296 1516347864756 c052a786b5759798f8ecfda3ce2022437bbbcb3a 100.0
3004939 1516345177237 1516348182176 56ac38201ece4b920c9b08aa2a2aed617be93d88 100.0
2701267 1516345177931 1516347879198 d8547785a09f51ee8d484e6dacc7937a1235bd12 100.0
2770885 1516345179200 1516347950085 9b1d471377d427852b23e5c23e4e94d3a64cca31 100.0
3135753 1516345181308 1516348317061 f37c93b0293e4b4c9c6a406342f7d19a81dce2e8 100.0
2703439 1516345182045 1516347885484 38d5de9b20c705e7b8fb7df268086ed99b14bebe 100.0
2789541 1516345184633 1516347974174 ec850fe8786f19c3db187521febe173f0957139d 100.0
2704544 1516345184633 1516347889177 7eb5d7930b81e1926f0d2c773a0db63b34b4e216 100.0
2756539 1516345185051 1516347941590 1c9e1220fb9a4a213bca7ef77aefc9bf45e046c8 100.0
2756539 1516345185051 1516347941590 1c9e1220fb9a4a213bca7ef77aefc9bf45e046c8 100.0
3392042 1516345186121 1516348578163 cef79dc0c4ce04a407820a90913b078ef7c0ae41 100.0
3483367 1516345187269 1516348670636 51d69df0a7049bba8ca8726a77c8e32cfe9920c2 100.0
3362703 1516345188248 1516348550951 d8440771980c53c42d3e7202bc16ccbed25b4d15 100.0
2735356 1516345189956 1516347925312 72aed466e2bab8d67b31fb3a53a1deb4f1a15029 100.0
2759349 1516345192635 1516347951984 a13fd6c0b7efe7caa9e6d22fa0df49162c415847 100.0
2710940 1516345193665 1516347904605 ae3ab7d7ee23a5cdc47ead33698d4ae223025ce3 100.0
2736837 1516345194890 1516347931727 4dac37cab2f1f510093c7fd09b17372294254dbb 100.0
2967513 1516345197740 1516348165253 d01a8669551c138578f8675af7174fe831797d4a 100.0
2742898 1516345199585 1516347942483 0121c1f715b32666a2b82cdf75a20ef39435750c 100.0
2932450 1516345203540 1516348135990 f5100efd1c20180c9310118d9981dfceb23140c0 100.0
2746210 1516345203876 1516347950086 a6b6b06f3c65bdfb5b19e335c60c3a006fad89cd 100.0
2724074 1516345204654 1516347928728 af55088646f0c60417aa68bf0d2866f9ffe319ce 100.0
2715243 1516345205864 1516347921107 8455663bbc72c44ce346fd8ad6f49dcbd0cf2399 100.0
2715241 1516345205866 1516347921107 8455663bbc72c44ce346fd8ad6f49dcbd0cf2399 100.0
2716026 1516345206727 1516347922753 6fdca3ff74375ec60747bc5b9336d23f90d12f70 100.0
2716025 1516345206728 1516347922753 6fdca3ff74375ec60747bc5b9336d23f90d12f70 100.0
2826385 1516345206923 1516348033308 c4bb8caaec38f0464c6ab7b3baee97f6345354c4 100.0
2725030 1516345208814 1516347933844 4430d1bfe896db146f955e3b021fd01acf0aa1d9 100.0
2724751 1516345208982 1516347933733 1cd27a6bf29e9042014708158c5a0057813eef4b 100.0
2742243 1516345209318 1516347951561 d0f32c7bd610769bdff428adc1347c348d6d51a3 100.0
2731035 1516345212579 1516347943614 07dd12a1e90de392c047ae33f03cde29d2590c94 100.0
2731032 1516345212582 1516347943614 07dd12a1e90de392c047ae33f03cde29d2590c94 100.0
2731006 1516345212608 1516347943614 07dd12a1e90de392c047ae33f03cde29d2590c94 100.0
2707113 1516345216402 1516347923515 7597d7a39929d9d288eeb8595d6451c7d14398da 100.0
2758893 1516345217069 1516347975962 5969e462454e7fa5deadc5c438f31225d853a80d 100.0
2715063 1516345217437 1516347932500 7baac3b6c4de9763ab27fdbde594eae993bd54f2 100.0
2825387 1516345218187 1516348043574 e5943edece598f8003926e95e7ba43404e72ae59 100.0
2714230 1516345218270 1516347932500 7baac3b6c4de9763ab27fdbde594eae993bd54f2 100.0
2745483 1516345218430 1516347963913 824759d182efaf7ecfb59bf045cf48c6931b2735 100.0
2746339 1516345218901 1516347965240 2953f3e1a1b80ed92fbd10f622562067f9775516 100.0
3532120 1516345219035 1516348751155 1d55c9b8a1ea6056c4e8931219fd80151f6e6463 100.0
2700950 1516345219456 1516347920406 f47feeab090c2e339a40557778d2890bb79b16d7 100.0
3531651 1516345219504 1516348751155 ba0f40ec4b7da4754ba19ef9bd8c51aedbaf8468 100.0
3531646 1516345219509 1516348751155 ba0f40ec4b7da4754ba19ef9bd8c51aedbaf8468 100.0
2712529 1516345219971 1516347932500 7baac3b6c4de9763ab27fdbde594eae993bd54f2 100.0
2728885 1516345219674 1516347948559 77b0ce6c7f5f19d7a51e683dbaaee103991a7da0 100.0
3531213 1516345219942 1516348751155 ba0f40ec4b7da4754ba19ef9bd8c51aedbaf8468 100.0
2700723 1516345219683 1516347920406 f47feeab090c2e339a40557778d2890bb79b16d7 100.0
2739451 1516345220681 1516347960132 6cc86fc237c4bcdd1cbc85d02a4f0da86efaf0c6 100.0
2712573 1516345221068 1516347933641 48600cc3461950bcb20ed4d1c3b91cff3167254a 100.0
2752544 1516345221126 1516347973670 c1cc7529a1b841ed039b551676810af843512179 100.0
3349169 1516345221981 1516348571150 94664d38fbd5d0b8c1681c7bc14a50ffd41cbc92 100.0
2718293 1516345222264 1516347940557 35a4b04526ea19f92a9a9c16824cc5ec9d37b7ab 100.0
2741192 1516345222521 1516347963713 5419458ef33189fec5640a493a38cd0b5c443749 100.0
2792145 1516345222912 1516348015057 4314839732dcb6edc16815bf7b9bba2e43abbf35 100.0
2716523 1516345224034 1516347940557 35a4b04526ea19f92a9a9c16824cc5ec9d37b7ab 100.0
2710981 1516345224308 1516347935289 ee48b38560caacc7f538a9fb057ddaf8ad63b21b 100.0
2701673 1516345225366 1516347927039 58377c32ca7a560aafec90d05f688a081b91ad65 100.0
2836733 1516345225475 1516348062208 c1cf33b5026a86cd21f03e089f7f0a514ce5bc52 100.0
2707186 1516345225483 1516347932669 133a69840acea66b7e29fc1689daecba29a35b7b 100.0
2836697 1516345225511 1516348062208 c1cf33b5026a86cd21f03e089f7f0a514ce5bc52 100.0
2701525 1516345225514 1516347927039 58377c32ca7a560aafec90d05f688a081b91ad65 100.0
2700819 1516345250403 1516347951222 e26c64dff16a64825eb8a5a332b578e035b6b00d 100.0
2709964 1516345251636 1516347961600 175d80f064bc6155144d53240ac74e562343d08e 100.0
3587132 1516345252873 1516348840005 f5c81ecbee0d9bb54cc71eb215c2fcace77d369c 100.0
3587131 1516345252874 1516348840005 f5c81ecbee0d9bb54cc71eb215c2fcace77d369c 100.0
2703952 1516345253977 1516347957929 5de22a21a52e08b68defc3ee7da8b67e0e5fcbca 100.0
2718819 1516345257050 1516347975869 16cd1b5d53dad8feca7c762eb1f4e29825f38939 100.0
2790032 1516345257252 1516348047284 ec4c1e7ca81c816f46a66daa333e4dcae530b42b 100.0
2707785 1516345267059 1516347974844 ff794e2101746bf5a2dfd8aacdbbc4ad4bfacfb6 100.0
2700486 1516345267675 1516347968161 259e36df69093e76e867ffecee6c2da6f83f2d74 100.0
2700485 1516345267676 1516347968161 259e36df69093e76e867ffecee6c2da6f83f2d74 100.0
2717991 1516345267833 1516347985824 7d3834ee79cb1263107fd8c2b479b9c31e29bc6a 100.0
2723591 1516345269001 1516347992592 2663d7fa7e47b1430a122820ec89385965934fba 100.0
2793496 1516345269295 1516348062791 14720eb6762ff35be1b84c79b4b3e4cf657b07cd 100.0
2786736 1516345271267 1516348058003 da946b0d8e52bb572fffc1c33301b1fce41e86b0 100.0
2757424 1516345271485 1516348028909 6ce50189b4105c009f680fb6fe2292598a5d470b 100.0
3567127 1516345272835 1516348839962 44c7bf6cadb9ba6f0af8c886175bc727c5ae5a66 100.0
2701264 1516345273877 1516347975141 bc3c81260be259d94ac7e7a1d558b5a115d4f00a 100.0
2950117 1516345274505 1516348224622 eaf61d60bbae2e7f97067bc4aa03842d9b62453a 100.0
2950115 1516345274507 1516348224622 eaf61d60bbae2e7f97067bc4aa03842d9b62453a 100.0
2770655 1516345274954 1516348045609 cde16c86901c83f6505de5a03bc4365b837dc61d 100.0
2768249 1516345276319 1516348044568 b3a424bf1f96efdaccaf0131ca7459dd775eef71 100.0
2858613 1516345276521 1516348135134 7f24f8804cacc4aef77f6ae86dfb261bbdd91e7a 100.0
2779725 1516345277813 1516348057538 331ec26516caa920e23739025da2f931e43bd8dc 100.0
3540497 1516345279614 1516348820111 43e2ff01c7f8453096ec0ebebbb18b95c4acbd74 100.0
2739669 1516345283238 1516348022907 561d3c17e4d10a92d320d6a777e7fb5294c0b31e 100.0
2742305 1516345285236 1516348027541 5c8c54380ebf876069ab7abd64b5bb2d7d49c89f 100.0
2775116 1516345287921 1516348063037 38ea1336c12217708d34a8b20e9611b61af7c93f 100.0
3462788 1516345288379 1516348751167 2c600de4fc2d88d5cc085c564d45a3588d269e50 100.0
2753365 1516345290050 1516348043415 aea43da3bf2e316c3a4c7c1ff6e93901e5b5b5a1 100.0
2745480 1516345292107 1516348037587 3ba278e77252f139afa8cfcd1030faf7b9fc4bd1 100.0
2705696 1516345292996 1516347998692 9bbcc13db2a033d32bd06be75f145232330183e1 100.0
2837779 1516345293619 1516348131398 7a49bf94fff6b729d1bcebf5db374909e727fba3 100.0
2768383 1516345293840 1516348062223 b9a3cee2171efdfb95ef08129a40f79d7e1e2785 100.0
2837469 1516345293934 1516348131403 2f3f902f571f0a23bba4513dad1c8f4f6b4f7ede 100.0
2733345 1516345294446 1516348027791 515e2279d5fde53c00054a84fb0129d078a21848 100.0
2748109 1516345295914 1516348044023 f10fdc1eb655a8e9a1a8001382756467588c6455 100.0
2770626 1516345299162 1516348069788 efd4efeccd99b9b84b0c357dd7dfee33e6e1cc87 100.0
3073986 1516345299783 1516348373769 597fe5e96d480b551f2c6987cf0db947700d3910 100.0
3073979 1516345299790 1516348373769 597fe5e96d480b551f2c6987cf0db947700d3910 100.0
2700394 1516345300050 1516348000444 b7270aefaa5ecc95d36ec316673a37c3d9f152e8 100.0
2909065 1516345300411 1516348209476 e4bd149210c7e3a83f4a6180318c6a5cc2e6b662 100.0
2750910 1516345300592 1516348051502 8ecb5dd5b171c13a663aaa1da79370aa11f20c37 100.0
2734562 1516345301984 1516348036546 9bd70f1d1c7e3784616f73e864787a9e481cc808 100.0
2711954 1516345304048 1516348016002 a815e03d89074d7ea31c27d26d8a6f5b957acbee 100.0
2839722 1516345305056 1516348144778 6132716522d44e10d9729d7c512c30c8aef3b280 100.0
2706106 1516345305102 1516348011208 47bce81fa628e9af4897b161eda9308c9ba31aeb 100.0
2706036 1516345305172 1516348011208 47bce81fa628e9af4897b161eda9308c9ba31aeb 100.0
2738523 1516345306094 1516348044617 07beb645127870a94e5e48818dd332f4ddca9a10 100.0
2735285 1516345306252 1516348041537 01d8d44d28fce9b22f1f0f982638b74dca2fe232 100.0
2772684 1516345307113 1516348079797 b5081048fcc3463bd4593b14b412b55877059218 100.0
2772472 1516345307325 1516348079797 b5081048fcc3463bd4593b14b412b55877059218 100.0
2772373 1516345307424 1516348079797 b5081048fcc3463bd4593b14b412b55877059218 100.0
2746387 1516345308528 1516348054915 23d7f123afe99902c3ba1d7a4d4b9dd721978e1e 100.0
2791031 1516345309495 1516348100526 10ea5fe74405d50efe15939f5965711cdcac8444 100.0
2726274 1516345310529 1516348036803 40da6ec7510e482dd0a1712a66fcb3ca8b25f68f 100.0
3433708 1516345311782 1516348745490 df65f6cf8d47ac3b827e5510abe32b90d7f8fbe2 100.0
3433619 1516345311871 1516348745490 df65f6cf8d47ac3b827e5510abe32b90d7f8fbe2 100.0
3432994 1516345312496 1516348745490 df65f6cf8d47ac3b827e5510abe32b90d7f8fbe2 100.0
2708722 1516345343930 1516348052652 605304e64a3b280449101df4426803ee8aa54bdc 100.0
2708722 1516345343930 1516348052652 605304e64a3b280449101df4426803ee8aa54bdc 100.0
2908251 1516345344592 1516348252843 42a1054702421557091e57662706ab2a28d19d1b 100.0
3158434 1516345345766 1516348504200 3be8b1c94ff7cb34214766b3f56c42774f9438fe 100.0
3582131 1516345352469 1516348934600 c3d68f9035dc18ded4ecf67e8f6542451a0cc35d 100.0
2728618 1516345354481 1516348083099 3dee3c1ef40437d6bb70a2463d20bee23b5299ab 100.0
2727514 1516345355011 1516348082525 e03c7891e00d669d71098821245b4a92a913f26f 100.0
2745129 1516345356434 1516348101563 cd05c60b033125d620ce887e55b04eb4774c5fe2 100.0
3386599 1516345357707 1516348744306 dc76aa055a1a6109eccd41f1f716738d49096921 100.0
3382758 1516345361526 1516348744284 a8a91e21d9c215bc4f33a1bb5bfa255840c429b4 100.0
2731254 1516345361623 1516348092877 78f297e7228e27b1e4c49063b4b910bf2686513d 100.0
2776583 1516345363422 1516348140005 a0893cb057e592b2332e64ec6c0a728841c591dc 100.0
3567451 1516345365828 1516348933279 268705c52f1254251607d2cf03059802dac86fe9 100.0
3464264 1516345366205 1516348830469 576cb50c05ce58b1d46d77bef524b142e26dedb3 100.0
2719616 1516345366221 1516348085837 25d02542e41088902fa4fd20bc5423ad9725910f 100.0
2711224 1516345367007 1516348078231 5ba795aaf78eb8b96a5e6db6f667c3d576919aa5 100.0
2856436 1516345368440 1516348224876 99a10bdef82ff6ed445d1b698350b5b619a279bb 100.0
3565058 1516345369352 1516348934410 f9abe5d9dee235f72471bc90cfe7ecdca2b99c36 100.0
3564670 1516345369913 1516348934583 e0c8a2ad5d97c06d96a82322c6d3e34841b297d0 100.0
2748838 1516345375015 1516348123853 87255823007810dd5a2cb9135eb2b9cdae14b0df 100.0
2786373 1516345375664 1516348162037 dd70f37303ec9302e0ff13c0414fb42846cce6c5 100.0
2786372 1516345375665 1516348162037 dd70f37303ec9302e0ff13c0414fb42846cce6c5 100.0
2763478 1516345375683 1516348139161 c3be6eb1a64e5805c30a0d132bda7433708b4bcb 100.0
2763475 1516345375686 1516348139161 c3be6eb1a64e5805c30a0d132bda7433708b4bcb 100.0
3587703 1516345375972 1516348963675 da33e60af2b8b2022c9c2dd40e6bcc522b5ebf59 100.0
2717219 1516345376866 1516348094085 f0dc27769bf5b18a5508635c706bcd80d8a1ff9b 100.0
2792923 1516345377193 1516348170116 abd783a568da4e86575340abe9da96a34b3621e6 100.0
2706285 1516345378871 1516348085156 b3666c7555c416a99e7d092e2fab465777a1745d 100.0
2835739 1516345380884 1516348216623 16193e09ff096d3e40228b1da1e7ba37835be0cd 100.0
2718307 1516345380923 1516348099230 f9e3a2c5c7a843638b102fa1c3e54ec2715d43db 100.0
2725651 1516345382017 1516348107668 1297bef9dc8e9e81632c599220931fa97620c97d 100.0
2720209 1516345382339 1516348102548 96efbfb25a64901e679230b0a217cb90f1530025 100.0
2714635 1516345383161 1516348097796 b84ee75bfe4dc1fafb8ad4a224bf917a1b67f633 100.0
2736464 1516345383341 1516348119805 832d927abba5e7adf4c314f6264b83d4cca9126b 100.0
2700204 1516345383720 1516348083924 c0649b2ec40f98c95f2cb3adb2b73cf3a34c1412 100.0
2704444 1516345384505 1516348088949 e82163bd4a252255c57457766677dca31cbe1845 100.0
2840502 1516345384866 1516348225368 ffe2a820cb722c081ce774269d31e7051e73f025 100.0
2722359 1516345385106 1516348107465 6268bf5b5d335af2a4c17c68907d12d87a44ffbd 100.0
2764844 1516345386111 1516348150955 b8bb0786018f6a6a0ac5c3b0bdcd6b7705f0d035 100.0
2735899 1516345386210 1516348122109 1915d4891eee09098c7379f3a92971f04e634e72 100.0
2745591 1516345386395 1516348131986 201d3c1508e58c74957b010075856a43bddb877b 100.0
2760119 1516345390029 1516348150148 c925fcf4874007bb7fffde9e8bd8c3f60ddc334d 100.0
2728658 1516345391474 1516348120132 f07c7fe89cecd013b263a3849ca7093ddc3669ce 100.0
2728639 1516345391493 1516348120132 f07c7fe89cecd013b263a3849ca7093ddc3669ce 100.0
2758561 1516345392471 1516348151032 e7173667a67edb2ce3f623e63d5986f093db772d 100.0
2729555 1516345393120 1516348122675 9c51e70a70e3564ee487caf5b7139fb5e5ccf504 100.0
2740734 1516345395827 1516348136561 bc914f8e75147999adab74e6a69568f102323a49 100.0
2992320 1516345396071 1516348388391 e28e68dfd2e74a62cc032445eded6ca0d9705df9 100.0
2705285 1516345396271 1516348101556 5072e841215f177f48eff7cbaf5667931cd9e401 100.0
2705241 1516345396315 1516348101556 5072e841215f177f48eff7cbaf5667931cd9e401 100.0
2886038 1516345397370 1516348283408 bf22f8a41de755ed46db33ed787ec22682e1c2a5 100.0
3565435 1516345398236 1516348963671 89acdd51c73a16b5586c57a117a3b256bf81ca2c 100.0
2735412 1516345398872 1516348134284 a7b144628824047ee4b66729eed1701bdad5448e 100.0
2708529 1516345399769 1516348108298 a3bc11750d86aaafc87519fca3c66ff46bf674e8 100.0
2706941 1516345401962 1516348108903 d802daaacb85b92e96798d31ce5026c4fd39f5e1 100.0
3598283 1516345429088 1516349027371 e8a0c2c95fd00b21acd249ce54dcb36cd0f08419 100.0
2724256 1516345434749 1516348159005 903346c86095b1dc62a5aec1e62225d517db3858 100.0
2719425 1516345434816 1516348154241 05d9c4b24cb486b03202163efef36ba0d7322886 100.0
2778166 1516345436957 1516348215123 6f79c6266b537407d5314361c31ea5b9e6d9b5df 100.0
2720813 1516345437777 1516348158590 4e40137e28462f23de0b3baaa5a9411b1e1f5bb0 100.0
3499691 1516345439116 1516348938807 2a6708af570bc3434f3ec237a1359a6412165cf3 100.0
3037507 1516345443702 1516348481209 ed08cf540f28f6f05549d6c3ef5cbeddb2681903 100.0
2723635 1516345445325 1516348168960 c6d914fb5915f7180e77b98a844ba8dc18c73cd6 100.0
3126518 1516345446059 1516348572577 b8b31d4c70d28094f0fdf94695ffe700368cc932 100.0
2706705 1516345446746 1516348153451 827358d46b2a77969f42fb860690e25c7c3167ab 100.0
2719125 1516345452635 1516348171760 79c1c7563b1e4984d351bfc2ee2b547100e15074 100.0
2708907 1516345453699 1516348162606 a3bd534a4f8c2138bdaad1f8b041b7f0ae59af5e 100.0
3573561 1516345453765 1516349027326 9dfbb1c24cedc4c3f9894b0a6aa9cc83a6fa69a6 100.0
2714083 1516345454867 1516348168950 c7a739efeecdc96a78d2b46d4718be508e441dc1 100.0
2706506 1516345456214 1516348162720 076c528a60678e39eebed15708b43c7e4a0482e8 100.0
2706506 1516345456214 1516348162720 076c528a60678e39eebed15708b43c7e4a0482e8 100.0
2702880 1516345456390 1516348159270 8973411368e578e47db8e244a7417df96e1bfc82 100.0
2711634 1516345456999 1516348168633 a1a8e37bf1eedef9027fb59de36f4700747508bc 100.0
2713800 1516345458049 1516348171849 a1acd292898076767a040437124cbbcff51e946a 100.0
2761166 1516345459840 1516348221006 6e762d6c6110202b9e5b8a20917eae59618db561 100.0
2706372 1516345461621 1516348167993 215eb988c7487af3bcc21794e7ec29ce5ecdd338 100.0
2717849 1516345461731 1516348179580 a1e608e4e527717c99a68c6afed7109065cafacb 100.0
2717848 1516345461732 1516348179580 a1e608e4e527717c99a68c6afed7109065cafacb 100.0
2795521 1516345461868 1516348257389 e0b234ba65f662a08f85cfc5744c505c97e6f094 100.0
2714278 1516345462518 1516348176796 09c9d813ba336bea0ae645046d6d7be8dbe3be76 100.0
3375068 1516345463032 1516348838100 122b42363e124613d8d6f0924d1b8c18bc683ccf 100.0
2723923 1516345464486 1516348188409 6369ddf297c75e02cf0b58e984f690bcf742ef57 100.0
2702833 1516345464499 1516348167332 2bbb399dceee3d5fe71742d329f86060d9a95e94 100.0
2859955 1516345466275 1516348326230 7f83e9475286d55f04278ae6743ec72e470f5cba 100.0
2703574 1516345466534 1516348170108 a8578e72f1bde2303a023b21822405a4535a830d 100.0
3466367 1516345466896 1516348933263 3d81cdb62d8d1a7f0284379162df556709067ba8 100.0
2706654 1516345467621 1516348174275 589b226c17bf9c2de6b06a96b64e40017edd220e 100.0
2737985 1516345468752 1516348206737 512cf2ca215d04f8035eba4773e58cf804b3f786 100.0
2706074 1516345468905 1516348174979 5ce87850614e583f34d554b142bbe174bc30653b 100.0
2773002 1516345469575 1516348242577 8f96eacc7c622c3fb303f9c514cc0e373e2d89f3 100.0
2733109 1516345470653 1516348203762 b96929fe1e8eb948169ec0934d9622dc8aa80ca9 100.0
2733774 1516345470991 1516348204765 c4b3cfb9b7d2e795647db01c8df16e7f12df168b 100.0
2713348 1516345472621 1516348185969 3a41980943d8554d91ca4414e607e77cb7197cf9 100.0
2713344 1516345472625 1516348185969 3a41980943d8554d91ca4414e607e77cb7197cf9 100.0
3367273 1516345472650 1516348839923 65dd0c965d072c193c4cbd1f44aa2cf567181f20 100.0
2786334 1516345475269 1516348261603 38fb52fe1ae7dc2529631a3791961f39cf3d78d1 100.0
2727639 1516345476242 1516348203881 0cbef7b45e6827373331eb551708ff22951d0d59 100.0
2748505 1516345477439 1516348225944 5818e4157cb06e4b7f31ab6fa3476c54c1cbb988 100.0
2744811 1516345478601 1516348223412 5465d770b8bf4e38701da425b6670d793dcd9c9d 100.0
2749209 1516345478840 1516348228049 5813035f2e9ffd9f068de8be84377e2639d943ef 100.0
2734542 1516345479818 1516348214360 4385efd4f3ed0cac7d51bb2ebe9a9b189b57fb69 100.0
2709906 1516345482735 1516348192641 567ae5fa21d5c91fe0015e75ebd21ea7a79c759b 100.0
2734085 1516345483910 1516348217995 bad060673dc6159286211f7f20f96d1dfa98cb85 100.0
2753820 1516345486104 1516348239924 73f34bba8c7a48e03d4bb235a28b45d5038d01b7 100.0
2717807 1516345487584 1516348205391 0262e5a2e5e737abc413d231e7ab682d99bf135b 100.0
2723517 1516345489707 1516348213224 452257ff8a875bc45c84b3d98257620fd27e4889 100.0
2723490 1516345489734 1516348213224 452257ff8a875bc45c84b3d98257620fd27e4889 100.0
2700510 1516345490309 1516348190819 68cf46f3248ff6c4930e3084cd307161b4374c6a 100.0
2700409 1516345490410 1516348190819 68cf46f3248ff6c4930e3084cd307161b4374c6a 100.0
3519696 1516345490631 1516349010327 6e16559001b63e5e99c6865f872c1d9d10cfad8c 100.0
3519639 1516345490688 1516349010327 6e16559001b63e5e99c6865f872c1d9d10cfad8c 100.0
2751898 1516345490863 1516348242761 288f43de7ae399c5dcabf8a1ea7da78f765102be 100.0
2700062 1516345491077 1516348191139 23d51c4b8efbc8d772bfac30ba47fd47a7516d85 100.0
2724324 1516345492327 1516348216651 17b71f6de50356435837b9ba1233779b426c3453 100.0
2710633 1516345497212 1516348207845 fc793793157cb2cb6c9eba446ee4878861214c49 100.0
2736687 1516345497277 1516348233964 4db7221d00ca6ff07704010ed23899723ad05a84 100.0
2710560 1516345497285 1516348207845 fc793793157cb2cb6c9eba446ee4878861214c49 100.0
3589513 1516345524097 1516349113610 f5ffa42db0209344063182e5b4c6a59b8f255636 100.0
2704234 1516345524105 1516348228339 0782d3166d53b8306b26d8a8d9437848496d7cb4 100.0
3301742 1516345528716 1516348830458 e26e39f4b75f18f116c4e0c0618d266f4cc1300e 100.0
3385357 1516345532732 1516348918089 402bf86c4d8d6c2ce1caf20187406e4be604578b 100.0
3385357 1516345532732 1516348918089 402bf86c4d8d6c2ce1caf20187406e4be604578b 100.0
2701301 1516345536664 1516348237965 8c83604d1da0bfd483704822cf48f5565e0d37cf 100.0
2712121 1516345537321 1516348249442 3566424a78abf3099171074c2181a019821ffcbb 100.0
2748344 1516345538452 1516348286796 e0643e7f92f512d9b9d8c72c01529a77de0fecc2 100.0
3125968 1516345541134 1516348667102 aa69049182d22ab6a891ebd194e1aa2c6ea81d72 100.0
2749011 1516345541617 1516348290628 8f04de9144a042942d84a5d61638927276e8d87b 100.0
2708940 1516345545038 1516348253978 280f6d93b2b3b607c8ac53b435bd3bfb83631a7b 100.0
3121058 1516345546078 1516348667136 6d61729443291afddafe45c596246a16c855b24c 100.0
3032490 1516345546675 1516348579165 fa5f04df5dcd353d1be5974830cf99338b28eeeb 100.0
3032490 1516345546675 1516348579165 fa5f04df5dcd353d1be5974830cf99338b28eeeb 100.0
2783624 1516345550259 1516348333883 f392652cf68e38b10b6bec80197a2840c0a5f0b7 100.0
3567178 1516345552086 1516349119264 6ceeb36e7c204465f92d4f37ed3303c2865eb774 100.0
2707539 1516345552273 1516348259812 30b2013d17029508846b8921e176fa22305d2571 100.0
2701434 1516345552545 1516348253979 2cb57c7635d0dacc17128ea5bfb094635f1ed02c 100.0
2823327 1516345554388 1516348377715 270ca798c8a0a46d02fe253ab909b1df48a9ea55 100.0
2734689 1516345562409 1516348297098 db86f92c01de4d3a2d236bee17b9511f1acba3b8 100.0
2720837 1516345562852 1516348283689 761d6dd55f2e32b1c416643ab9babc2f5cc7b4aa 100.0
2810910 1516345563712 1516348374622 9f2ca3c1becda6351f4b924bd7db59b0f0856ca4 100.0
2741914 1516345563916 1516348305830 3b5d8b8d78ab1528966dd89cc593fe7e6ec5a10f 100.0
3275843 1516345564130 1516348839973 c1cf33b5026a86cd21f03e089f7f0a514ce5bc52 100.0
2711688 1516345564921 1516348276609 cbc3ad1c9b44cf608de1eff32ec575b0c7211df0 100.0
2703955 1516345564965 1516348268920 7f9a8fc8206239aeb64cff96d3d722517ded26d3 100.0
2703953 1516345564967 1516348268920 7f9a8fc8206239aeb64cff96d3d722517ded26d3 100.0
2733628 1516345566038 1516348299666 865af3fefe7e0863c6b1ecbfd175c5a95f19e719 100.0
2706775 1516345566068 1516348272843 65e8d93a9ed07354636d551bc23ae1084057789b 100.0
2706772 1516345566071 1516348272843 65e8d93a9ed07354636d551bc23ae1084057789b 100.0
2755108 1516345567515 1516348322623 97c6ed6032f62969b0541f203d62597f8181b66c 100.0
2755089 1516345567534 1516348322623 97c6ed6032f62969b0541f203d62597f8181b66c 100.0
2709436 1516345567954 1516348277390 b01b5075b04a617e61644c1383176a3bcc81c339 100.0
2823275 1516345568806 1516348392081 66c09b5f01b4c0d43e2438ce36f2e00b46d61fc5 100.0
2912284 1516345568922 1516348481206 72303620f0007039504ab2a3d494582ac3660b90 100.0
2717258 1516345570384 1516348287642 3f4b9d4cdb332d47acea16eced23cfe859894474 100.0
2701518 1516345572368 1516348273886 9123ffc9c91f080e1aeed5659b6cb82bbd233cd8 100.0
2721292 1516345574751 1516348296043 7c38b13ad66ed352f18c0b02f5b136f07984e5e4 100.0
2742071 1516345574970 1516348317041 eb358322e59f935a71b76a764a3f11afc0882ac1 100.0
2742068 1516345574973 1516348317041 eb358322e59f935a71b76a764a3f11afc0882ac1 100.0
2740219 1516345578050 1516348318269 416e233d02b98a5a0b0f1365b8950c793f4cd895 100.0
2763212 1516345578053 1516348341265 62a7da3bde9b689ff3cc52ac1e5e8d98e87491ff 100.0
2739603 1516345579096 1516348318699 024ef330dfbb576728c1cd8b9d370ab30702f2fe 100.0
2723824 1516345579122 1516348302946 5c6f1088966612c9982d266957c77d913ac083ce 100.0
2724184 1516345583322 1516348307506 b474dd4694a384b735a17a4ae8b87104d8a25c61 100.0
2761325 1516345583374 1516348344699 4d88ec43ab34b70d7a5e53da29c0e3236f8dad9c 100.0
2703877 1516345583453 1516348287330 2fc7deff9e2d991bb1d217ca13e3ff7ddd246043 100.0
2992829 1516345586726 1516348579555 b68e148085b104156b5141eea41a8f80e6b3701e 100.0
2732922 1516345590203 1516348323125 cbabef4f5898a84ebdfdf998f32804596d80781f 100.0
2710352 1516345590960 1516348301312 43f59db488169f6470b7c8c967cd60d2b437b4ed 100.0
2719799 1516345613401 1516348333200 76d44a96359b258e982cba3c99e3f08e259fefa0 100.0
2711756 1516345615789 1516348327545 1ec16084367d583875cf5b8438ad5e69c1024bd2 100.0
2740082 1516345616059 1516348356141 12fce38615fe1262afb82a38ef1070cfdea83067 100.0
3212515 1516345617917 1516348830432 2802decc22038f25e53042ed38432c41c3e6ae6c 100.0
2716017 1516345618841 1516348334858 5bb3dff533fb9c3b0ec68c656db31550d526a103 100.0
3596449 1516345618855 1516349215304 5298ac38af236298c8f85794de6abf4d70dae5ea 100.0
2704713 1516345619199 1516348323912 f46582793b6f0a3f85344e3a1dc77efa82e2b3e4 100.0
2768946 1516345620867 1516348389813 bf1ad06ff28638c2c71ca61c6301ea28febe6348 100.0
2745831 1516345621382 1516348367213 6d494a6f3ae85ca7186b497918450a003bee879d 100.0
2745831 1516345621382 1516348367213 6d494a6f3ae85ca7186b497918450a003bee879d 100.0
3552069 1516345621385 1516349173454 44bdd5b628364c3a45a36a2199a32f34226898ca 100.0
3048641 1516345621975 1516348670616 dbb11a3f1b4b8b21c889a33404e8276d905d376d 100.0
2706900 1516345623498 1516348330398 9b426fd8eda0b2c7072c1af4e7cbae5d923a1597 100.0
2738978 1516345624550 1516348363528 49b91872a050d5034dd1ffa08441695ac227c928 100.0
2704191 1516345625836 1516348330027 03f9f886260f261d540483f46a39446a63b512a2 100.0
2704191 1516345625836 1516348330027 03f9f886260f261d540483f46a39446a63b512a2 100.0
3210889 1516345626557 1516348837446 48ea55a6b43fbf38326ae46e08b2bcf0db555630 100.0
3210887 1516345626559 1516348837446 48ea55a6b43fbf38326ae46e08b2bcf0db555630 100.0
2707219 1516345627060 1516348334279 6af28602a793e22941913bd60f1e3ddf8a366f7a 100.0
2858028 1516345628651 1516348486679 97fff5c71977be69ca95e6b5a42f15e22dafd218 100.0
2761513 1516345628729 1516348390242 00a392c03df0b66de08430f2a843a3fd25b5298d 100.0
2705632 1516345628791 1516348334423 b5ab0b63edd2f0e0f26ba2f3b600c402ac49c0a4 100.0
3135932 1516345629784 1516348765716 130a8e1a944b0ba4ee6662211f0b812cba807db1 100.0
2734394 1516345631685 1516348366079 adea3c2ed3ddb7e117e0ba91da55f917b64ee941 100.0
2876941 1516345632994 1516348509935 ebed8818dc4e07c3f06ec0a8c02bc5695dd455ce 100.0
2736014 1516345633070 1516348369084 c4b22c70709114f0d94ebdbfc7fc0093d8e46d9f 100.0
2703526 1516345634228 1516348337754 4224136bfb1861a8d42dc6e9c29138bc0dc5b965 100.0
2701982 1516345635170 1516348337152 55fa7ac9c260dba6cbc6b2a3b12529741a3a6f2c 100.0
2701982 1516345635170 1516348337152 55fa7ac9c260dba6cbc6b2a3b12529741a3a6f2c 100.0
2712197 1516345635307 1516348347504 b9a5ad8d89a38a8a9bc121d838e551728aed62ff 100.0
2943258 1516345636013 1516348579271 3228b98766e602cb06a445d9b33d2e2584e58abe 100.0
3575647 1516345637357 1516349213004 8686d9d452b0981e5f86da97e9136ca6a886cae4 100.0
2754378 1516345638744 1516348393122 53262ebabbd1884aaecef9352d175ed797b3efc7 100.0
3594479 1516345639810 1516349234289 5f7344671e5bd307db0ade33fb0c66a9888b29ce 100.0
2716631 1516345640115 1516348356746 20a431124a7a884bd7e302e5b52c6c1b416342b0 100.0
2700414 1516345640490 1516348340904 b210e27a6be9cc614aa4b412625c395b86de6ff9 100.0
2702350 1516345641268 1516348343618 c53cc52f8b11b69272d18905c356ed2437af6cad 100.0
2702350 1516345641268 1516348343618 c53cc52f8b11b69272d18905c356ed2437af6cad 100.0
2702165 1516345642603 1516348344768 05f43106b89c00a837d131cc23ffb3257ea0b1fe 100.0
2735397 1516345646351 1516348381748 3074dc10a9d4db4747b40ca538a171b27f9b085a 100.0
3467104 1516345646522 1516349113626 8110ae4f71486d5203472a31476e212a3fa8e437 100.0
2803995 1516345646973 1516348450968 31ad652503450ad1149f969bc2e5f7bb65d3ed36 100.0
2700124 1516345650059 1516348350183 590fe4ffe8432fa854835ad2d61998f98d5c5b93 100.0
3179907 1516345650557 1516348830464 abf37da2d94bc14bb8a023e9a4abbd0587a41720 100.0
2705500 1516345650599 1516348356099 045dcddf120fd3be13f22cb9d60b4ee5c0574432 100.0
2705492 1516345650607 1516348356099 045dcddf120fd3be13f22cb9d60b4ee5c0574432 100.0
2732242 1516345652047 1516348384289 03bff7483a15b217368829bb1e35a722e5c9faeb 100.0
2707036 1516345653594 1516348360630 93866798bb1c5030d5493e6206bb9aad8735e3f4 100.0
2724550 1516345655473 1516348380023 e3f8b7c12a3b97aa896ce157e776a8a242bd4a3e 100.0
2995830 1516345655868 1516348651698 0387440f9b486f9496aa4c9f167f77e08dafaf22 100.0
2731375 1516345656546 1516348387921 fd2683bb55523c2c819921533414007e28357890 100.0
2794833 1516345659377 1516348454210 86d7becbb9950351ccfe83ec61f048923fd104e4 100.0
2829952 1516345659802 1516348489754 f697c1cfd684e3f43ff5d229cb922b376d024ad6 100.0
2705213 1516345661120 1516348366333 c6d61c886287c5113d2aae9a7543766649da2fee 100.0
2704410 1516345663672 1516348368082 02902656fdac8346190eb000870213417735127e 100.0
2710781 1516345665671 1516348376452 5e272b40d8a5e80211dccc192b87ce7493f57d02 100.0
2727598 1516345668810 1516348396408 ecfdcf49a2636cf182d63b9b8b570decafc846f3 100.0
2702969 1516345671156 1516348374125 a757461773de6ba85d739b7679c9d2366578cb8d 100.0
2810950 1516345671217 1516348482167 ec62bae41299cc14f9ec32f650e6bcd7993a4fce 100.0
2708881 1516345671522 1516348380403 b89a549a3af05dab34a502567fd48d94da7d0336 100.0
2703420 1516345672107 1516348375527 f3b0c2f15d8520bf154bcc599b24e61a13b9433b 100.0
3598516 1516345697778 1516349296294 122b42363e124613d8d6f0924d1b8c18bc683ccf 100.0
3598492 1516345697802 1516349296294 122b42363e124613d8d6f0924d1b8c18bc683ccf 100.0
2993113 1516345702766 1516348695879 5b3b93789bb1c0a3db5d4786b0f592d035ce858c 100.0
2763437 1516345703189 1516348466626 e0faaaaca90968f476bfc7c2c312573c686315be 100.0
2763854 1516345704046 1516348467900 4411d7f5bcd00d138771678ec46b16c51f3e655d 100.0
2875979 1516345704561 1516348580540 e08fc83328ae265c31dd24145995c34da6f0f513 100.0
2734838 1516345705598 1516348440436 c5d0a2b278dcd2f9599d877c5e2ae6f1104c19b1 100.0
2714838 1516345705819 1516348420657 59907aa5db33f6f48050aa9cc2ff6733e7bc6685 100.0
3572026 1516345705966 1516349277992 109b450cc55dd950ad531a05b0265b4adb6a6d9b 100.0
2702719 1516345707401 1516348410120 87f52f7902fe31383ac70818a5fdc8b2f28c11c1 100.0
2714431 1516345707975 1516348422406 ee1c91e5d17952f3ec87d9d9261dd7f4b39133ba 100.0
2714430 1516345707976 1516348422406 ee1c91e5d17952f3ec87d9d9261dd7f4b39133ba 100.0
3121341 1516345709032 1516348830373 edb6d02be2d7344b2b197df04a6970166b00f446 100.0
2703067 1516345709244 1516348412311 d47c5c728a5cc4ec6c305d74ce63e71cdc6329af 100.0
3591556 1516345709510 1516349301066 c012a42a38514017f3887bad50017cc55c566764 100.0
3591519 1516345709547 1516349301066 c012a42a38514017f3887bad50017cc55c566764 100.0
3208025 1516345710061 1516348918086 31d7d89dbe02c6049883b5d543f9dd3393b55ff3 100.0
2779153 1516345710730 1516348489883 0b5f0538d02093a74600b47fdc1a6875a1feef42 100.0
2759497 1516345710800 1516348470297 8ef7372fbd02ce4c51fdc0175643d05933c1a0e9 100.0
2833660 1516345713099 1516348546759 c5c0bd1ec3f836fa77dc007bdc50c3f666478771 100.0
2726514 1516345713208 1516348439722 315d8149da8725a76e06bc19955fba92c3b605dd 100.0
2772372 1516345714358 1516348486730 0d8c455e6ae8200a93a49da734b8118d77cecdf6 100.0
3585590 1516345715510 1516349301100 b7b3bb8ab96a3a8213798a89bc05dcf4640179ca 100.0
2778013 1516345716720 1516348494733 2c0ce40c920124fe2838611053fc2ef4adc4a89f 100.0
2714602 1516345717819 1516348432421 9b2e8ffb241eeb739780cb9cf15f3de6f57bfc12 100.0
2723140 1516345718699 1516348441839 af21db3c53156d6f1fcc0f6a745ece47e53f8ebb 100.0
2709608 1516345720024 1516348429632 7179157fb0507fcc32826a0140f2058be243eeb1 100.0
2709608 1516345720024 1516348429632 7179157fb0507fcc32826a0140f2058be243eeb1 100.0
2942750 1516345720955 1516348663705 5fca06c3f91b51f26883dbdcea7e000173e9fdbf 100.0
3579988 1516345721119 1516349301107 7fa3dae3441c2366099edc42037119b259678929 100.0
2707381 1516345722489 1516348429870 2b4bd3620925f16bf27511a6aba45326354a3525 100.0
2701012 1516345723554 1516348424566 9221f597458ac3bfecaca1fa98524602b623ebe9 100.0
2716906 1516345723883 1516348440789 18fdd13230605f7d0a4e34adf4233248afe54bdc 100.0
2860642 1516345728534 1516348589176 b63ca3000e6071d027ac8827646da16cb30328f5 100.0
3021953 1516345728963 1516348750916 af41bf92cedf165b0a4675a3f0463199db91004a 100.0
2703207 1516345730315 1516348433522 f018350ef5b3b5bd8368d7b9c4a476d99fb219fb 100.0
2747889 1516345731625 1516348479514 2b632f9c6980dc3baa0f888bf0ef218686a8dce6 100.0
2810314 1516345731984 1516348542298 2bfe89a6d9cf585a154deb6f5cb9729c4f6b8cd9 100.0
2806994 1516345733261 1516348540255 eed0740ab70a323dddd0897b17bbc215248b058e 100.0
3573141 1516345733899 1516349307040 0c5858723f4f517cbaf94959ea9f1b1f36a69620 100.0
3201924 1516345734737 1516348936661 48c45f09f289753f1a196ccf5055fd252900d287 100.0
2706880 1516345736990 1516348443870 5b6af06aeca7b1683aced412ac90025fb96c5e77 100.0
2717047 1516345737052 1516348454099 451e99c13c38291f2d70d917fe55542826701d9b 100.0
2706099 1516345738605 1516348444704 522c83e32b16e11e48b62734531b52dcadb18811 100.0
2705731 1516345740280 1516348446011 51e8516a7cb8af5e53196e6e6a1cbdf9ee82c98d 100.0
2701541 1516345741734 1516348443275 5f4e467802c9600d348c383c1069afddaae3069a 100.0
2701540 1516345741735 1516348443275 5f4e467802c9600d348c383c1069afddaae3069a 100.0
3564625 1516345743226 1516349307851 7125644b0b58335c9de900a283004437dbd1aeda 100.0
2729132 1516345748161 1516348477293 376e279d0cf99f414b383eacb194cb7aa2d06b9a 100.0
2709632 1516345751490 1516348461122 cdf1fc9ec98ad13bb6e399c752c54d840b0af6ce 100.0
2737512 1516345753411 1516348490923 dbf515fb4f5e4667a886df8827bba12926c17135 100.0
2995919 1516345755234 1516348751153 5a7c54a43e511e266f2e24579dc59f95c9ae82e9 100.0
2995914 1516345755239 1516348751153 5a7c54a43e511e266f2e24579dc59f95c9ae82e9 100.0
2705680 1516345756269 1516348461949 c51babcbf324f33acd825ceb5f237d97d8ec1553 100.0
2721062 1516345759221 1516348480283 cea84d82713c9ae06f0fce5ad2dca5a68bb46b89 100.0
2725283 1516345760339 1516348485622 6d1fc467d87e187756114e6296bb16ee05984482 100.0
2703367 1516345760444 1516348463811 f9838bc478b622e62c4409f63a071772952ffe6c 100.0
2733214 1516345763374 1516348496588 b3bd20680ea5cac94a62392a0f549cf85f1d53cd 100.0
3598577 1516345788343 1516349386920 2af8e141ef2d31a17c64f0a252fcbab848def30b 100.0
2944615 1516345788539 1516348733154 96423137d9eb008df9c47db152248378597ca62e 100.0
2781471 1516345788874 1516348570345 a6984dc021e0c9b6f58a8f600750e775041c51cb 100.0
2742701 1516345789579 1516348532280 acbfc0d5ad6e3a470d9477c296d1a4ebb8a3bfb4 100.0
2723489 1516345790160 1516348513649 844c438f75b8e06d1da6e2c26420cb4bae9aa535 100.0
2713097 1516345790910 1516348504007 b4482037dd7086046748e8caeee7c868d93a1fc0 100.0
3322422 1516345793846 1516349116268 51d69df0a7049bba8ca8726a77c8e32cfe9920c2 100.0
2766845 1516345795174 1516348562019 c0bec0c44d6e88946cca3e565252881c0d86bf18 100.0
3589185 1516345799093 1516349388278 e05d2020ba5b4ddf596e7e436f5814c55d7937d9 100.0
2718324 1516345799432 1516348517756 2a4e880cd25b6f978f086d57f8274681ffad3052 100.0
2722617 1516345801944 1516348524561 0ce98fcf8377c2b53710a96dde5386cb5ae96886 100.0
2708452 1516345802815 1516348511267 a7483722e0fd87be2196ecbd14670ea083d89970 100.0
2734170 1516345803838 1516348538008 7de1f49f8856207863252849fd0d024279d82ce8 100.0
2710987 1516345805195 1516348516182 1a9dc3a7beb3242f08531ef6d086611c8fd1083b 100.0
2732950 1516345808369 1516348541319 04461c07a0badf9059cd45b98d6dcae6c14fd37e 100.0
2761090 1516345810417 1516348571507 3f99c1adba20aba333625dfb6de28674c943be16 100.0
3565358 1516345812901 1516349378259 5b6af06aeca7b1683aced412ac90025fb96c5e77 100.0
3482443 1516345814602 1516349297045 b9d90086dd59d2470f6ac8fc629161a4b43613b4 100.0
2756555 1516345817890 1516348574445 ed347ec685627296995a02fba0222561d314cb9d 100.0
2788795 1516345818222 1516348607017 10f0ac4a90182e9fe4236a4b2a840a9e3f20d10e 100.0
2764921 1516345818571 1516348583492 1ef7f261a9d450561bb00e3fc90513f0c86f88d1 100.0
2709129 1516345820064 1516348529193 55e9845191a6229b849962ea1761f44723016429 100.0
2724415 1516345820080 1516348544495 372ae11208fec635a94a7b328e8e3f7268235876 100.0
2788321 1516345820438 1516348608759 2cc779344ed70083e057dd2acb5b058587c5a3b3 100.0
2709196 1516345820440 1516348529636 68071b6374ed14b1acd435101ab149c18ea967b2 100.0
2716871 1516345822342 1516348539213 01b5a4f9e09a643d94ad9e2e427bd7d68618370f 100.0
2846298 1516345824271 1516348670569 249bfc28f99e3119923a3d9d806cfc659c8aeefa 100.0
2722679 1516345829687 1516348552366 d31556c934bc2ee548dfa7df4f946d280f9b921b 100.0
2714680 1516345830579 1516348545259 f19f73b09b8c1e209dfb173bc6d52c95208a39e0 100.0
2714678 1516345830581 1516348545259 f19f73b09b8c1e209dfb173bc6d52c95208a39e0 100.0
2709626 1516345831626 1516348541252 086b7bdb6f5b91f8e433899da41842de6f5795db 100.0
2716201 1516345832892 1516348549093 1621d69f6062ca4fa3c94b9211fff0ebaf5ccfa4 100.0
2708705 1516345834442 1516348543147 d3d52dfd7cb906c6031d2801cd04d24efc89a263 100.0
2706658 1516345835067 1516348541725 1eebd6670f71d5de8372053ae155b493a569a168 100.0
3564977 1516345835483 1516349400460 3e0df1e41ab618ca07f8fa8678a95eb8512fab9e 100.0
3480016 1516345835788 1516349315804 d46a02e75e786781a0e691461f3e2b0d5535caf8 100.0
2716248 1516345836809 1516348553057 f3ebfea5f097632d7d6db4edec912c58a1d9153c 100.0
2716248 1516345836809 1516348553057 f3ebfea5f097632d7d6db4edec912c58a1d9153c 100.0
2733631 1516345837171 1516348570802 41eb85234253b4a2513244715e62d99f2483a432 100.0
3095612 1516345837661 1516348933273 bb7f8162d8484e4d24edf0c78af90548acca0af1 100.0
2701572 1516345840134 1516348541706 7e0a1f94bbd5e8fdcd284d22eb528cf0ee1b93ff 100.0
2735575 1516345841775 1516348577350 0bc0a0ae74f3d9e151ed81c14cd5da1dbd95751f 100.0
2702675 1516345842146 1516348544821 e5e2682bc862a904816e2faaf6a0dd6298644ca4 100.0
2992344 1516345844420 1516348836764 ef27aba3a9646b3b57bb96606603f1c471cb5114 100.0
2790644 1516345845690 1516348636334 207b9116df3ece5a78c904b18711deae6f80afea 100.0
2717623 1516345882941 1516348600564 af8a6200cca02a36a8e087ab1d5cb8fc57e128fc 100.0
2785635 1516345883916 1516348669551 9b97f2caaf3e982eff99e9fba5785b218d4eb8cd 100.0
2785482 1516345884069 1516348669551 9b97f2caaf3e982eff99e9fba5785b218d4eb8cd 100.0
2784557 1516345884571 1516348669128 c37e649200dfcebf67ebb5f336ceac56999f55cd 100.0
3030391 1516345885254 1516348915645 d9ab04f8103759fe46e1ffc1dbaf59d44f1e8182 100.0
2764593 1516345885296 1516348649889 05f8652d30d7f8c6a38c6fc9c2c7e1e3c0562775 100.0
3030148 1516345885497 1516348915645 d9ab04f8103759fe46e1ffc1dbaf59d44f1e8182 100.0
3029716 1516345885929 1516348915645 d9ab04f8103759fe46e1ffc1dbaf59d44f1e8182 100.0
2763855 1516345886034 1516348649889 05f8652d30d7f8c6a38c6fc9c2c7e1e3c0562775 100.0
3029552 1516345886093 1516348915645 d9ab04f8103759fe46e1ffc1dbaf59d44f1e8182 100.0
2720911 1516345886524 1516348607435 e1fa287a9a27d1c144615f12331eb592a0301a59 100.0
2720883 1516345886552 1516348607435 e1fa287a9a27d1c144615f12331eb592a0301a59 100.0
2720867 1516345886568 1516348607435 e1fa287a9a27d1c144615f12331eb592a0301a59 100.0
2716158 1516345886696 1516348602854 9c2bbf120e48ca4dcf9d838ec42bc26ad6460647 100.0
2716130 1516345886724 1516348602854 9c2bbf120e48ca4dcf9d838ec42bc26ad6460647 100.0
2716038 1516345886816 1516348602854 9c2bbf120e48ca4dcf9d838ec42bc26ad6460647 100.0
2717332 1516345887898 1516348605230 81bd8d993a53b0355720c963a882b5f0d728d99d 100.0
3515248 1516345888121 1516349403369 2b064e5e17160b911821cb36b5481fa949c9a784 100.0
2717074 1516345888156 1516348605230 81bd8d993a53b0355720c963a882b5f0d728d99d 100.0
2715672 1516345888632 1516348604304 d484dccfa3ddf08bcec8223cff355af2e43bafb7 100.0
3514543 1516345888826 1516349403369 2b064e5e17160b911821cb36b5481fa949c9a784 100.0
2792672 1516345889161 1516348681833 1beee23c7845b910bfa45dd0c9945e71c09c1d20 100.0
2763146 1516345890733 1516348653879 5d1df1e636812c0a83785a217c721715325ec230 100.0
2743405 1516345891567 1516348634972 6c1fb87b1dd125fe70f624e77b0fd581cbf0904e 100.0
2811630 1516345891640 1516348703270 adb008a600b50d67d4b531ddfda272f3a9ffe52e 100.0
2732452 1516345892817 1516348625269 2e9111a994358c952465071bfa6147d9aa23ef48 100.0
2709542 1516345892866 1516348602408 4cce9bbe5e79484322155d5ef1ccd2d766a77d33 100.0
2717552 1516345893395 1516348610947 411e9c625a65432f0c3a8fcacc7e56c39b414090 100.0
2793547 1516345893961 1516348687508 f68eac28763d9d4ce25db85cdf65213a6af522a5 100.0
3579575 1516345894257 1516349473832 73b2771035063b8404cbb64224895c28f568cc4c 100.0
2704207 1516345894592 1516348598799 8143934b2e2918b7dbc6e29df12396c07cd6c63d 100.0
2727087 1516345894592 1516348621679 cd5ce87ebb784f3ac5454e8edcff5ba17da4e154 100.0
3577919 1516345895913 1516349473832 73b2771035063b8404cbb64224895c28f568cc4c 100.0
2716732 1516345895948 1516348612680 76f55144d102a9c97634342450964270065b2e57 100.0
3597839 1516345896240 1516349494079 e562df2b9ed643a638bf8333da44dedc8bd3e409 100.0
2733603 1516345896934 1516348630537 e53bdb2b09ec8a38c54b4bd7809aae487e0357dc 100.0
3492140 1516345898439 1516349390579 80c687d3126f42e84dadbbced332e930e87438fb 100.0
2790357 1516345906078 1516348696435 a8a4f0202d400375a2b3f5292b66158335e8c311 100.0
3584226 1516345911242 1516349495468 4cb4280264359bd1d129a084dd560044a722e2ea 100.0
2723709 1516345914214 1516348637923 2197b796eb7ba0ac3e5e7a450ed6c2d38c3f5cc5 100.0
2736725 1516345914852 1516348651577 822ffc63189946fd6df8c3d824479f08bba5037b 100.0
2709493 1516345915062 1516348624555 8eacc803a622aa72d1918d06edf203a92157d18c 100.0
2712070 1516345917483 1516348629553 0e46a4e8fa1f324392f257f9c13a64f08bb3b8b1 100.0
2775479 1516345918755 1516348694234 e58cd037645392a180dd074eb8510f02d9b10452 100.0
2708480 1516345923409 1516348631889 1241ec5db8cdcaa1c80d29af1c7dd7cbad4445a4 100.0
3387861 1516345924023 1516349311884 7e780b87f9bd5a9a4ee243c726e0d49d61c8dd2f 100.0
2714436 1516345924877 1516348639313 3ca340ce1c413e06832515ac3acf2dc049462a02 100.0
2714435 1516345924878 1516348639313 3ca340ce1c413e06832515ac3acf2dc049462a02 100.0
2713306 1516345926195 1516348639501 617e9a43f61f730ab7b5e232855049f1d6125796 100.0
3563332 1516345930797 1516349494129 23dcc3e3d49e8a82051dbc7730aaaf2923dfb4d7 100.0
3008725 1516345931804 1516348940529 1c7d44a461eabfd9a3255de2b8592c84185cd3b9 100.0
2709620 1516345932262 1516348641882 2f0e7af0bd5140e17a1dc12d642a52e8288f6a44 100.0
3597781 1516345957036 1516349554817 122b42363e124613d8d6f0924d1b8c18bc683ccf 100.0
2705927 1516345958941 1516348664868 1440b4e36a9df3d4a9a2e7c59d213de5216684e9 100.0
2705926 1516345958942 1516348664868 1440b4e36a9df3d4a9a2e7c59d213de5216684e9 100.0
2705922 1516345958946 1516348664868 1440b4e36a9df3d4a9a2e7c59d213de5216684e9 100.0
2724656 1516345961565 1516348686221 023d121ff26897b36e525056fd27abcd18036062 100.0
2703685 1516345962786 1516348666471 3e79f06eeccff08100d39f328d683c964b10e6ee 100.0
2753800 1516345963172 1516348716972 a88c1427a5842d8377e636c60c3211195ad169b0 100.0
3573913 1516345968104 1516349542017 59ab6c72a0e816639041bed1238dd14df9c25327 100.0
2704601 1516345968326 1516348672927 f09eb8199b8510f4882cf5c5eb1b70647a4bfb67 100.0
2706487 1516345971012 1516348677499 642231e0c9d06ac323083c9f4b8c39ae4d703ddf 100.0
2711561 1516345972345 1516348683906 479fd3a7ff4dfcee6025aa8ce7bfa6416e7794a4 100.0
2711556 1516345972350 1516348683906 479fd3a7ff4dfcee6025aa8ce7bfa6416e7794a4 100.0
2708892 1516345972743 1516348681635 15db5dedaa3776a4587edf566d75411c3aa295f8 100.0
2769264 1516345973598 1516348742862 5359ca41d2c1a278254078ffc74d8562f31d4edf 100.0
2778535 1516345973731 1516348752266 c3631a108e12a21a738098306789cdb4cfb537ac 100.0
2707602 1516345974845 1516348682447 2b164c52ff5d752ff0b98c2c335ce217a9c8f874 100.0
2707600 1516345974847 1516348682447 2b164c52ff5d752ff0b98c2c335ce217a9c8f874 100.0
2707597 1516345974850 1516348682447 2b164c52ff5d752ff0b98c2c335ce217a9c8f874 100.0
2709879 1516345975937 1516348685816 69f3665e9231eec301fc892f057ce0f44e17f380 100.0
2709879 1516345975937 1516348685816 69f3665e9231eec301fc892f057ce0f44e17f380 100.0
3196971 1516345976047 1516349173018 ea4371c2c3c7701a4a74fc626cfaed552d928f0d 100.0
2707465 1516345976338 1516348683803 282c4961b11035bc3b2b495fbea309f76fb6c0d5 100.0
2743606 1516345976937 1516348720543 77d46a5361528fe7a96dd6e0a00c57e11bb11967 100.0
2702166 1516345977116 1516348679282 8b2add52a654fb7365c50f028a6a26af0b4a608b 100.0
2702163 1516345977119 1516348679282 8b2add52a654fb7365c50f028a6a26af0b4a608b 100.0
2702160 1516345977122 1516348679282 8b2add52a654fb7365c50f028a6a26af0b4a608b 100.0
2752241 1516345977198 1516348729439 f315999f131cc8ba5ea823b484bdddf3ef2f3fa1 100.0
2701514 1516345977930 1516348679444 a1317ce2f949d48c80f34fb8fe490eaef6cd8171 100.0
2701513 1516345977931 1516348679444 a1317ce2f949d48c80f34fb8fe490eaef6cd8171 100.0
2799040 1516345978637 1516348777677 b404361f315afb07db609e88922f724ffb251066 100.0
3323454 1516345979186 1516349302640 5bfbf521fcf2c6373dcb54262760e96e486b5128 100.0
2836999 1516345979213 1516348816212 c6f32822759c3795a7203e32e54ef779dd57a7eb 100.0
2733271 1516345979297 1516348712568 69684f8a56402c5e30b1964301635d9fd755c7ef 100.0
2856921 1516345979834 1516348836755 1111358b6b07416666647ce1131a25d6b7dafc33 100.0
2728749 1516345979868 1516348708617 01a991a8e243463eb8f4a6a42a204c978c2ccd59 100.0
2731243 1516345980361 1516348711604 8af3c7705f5d91284b6ef7ee5c17e65774f8c151 100.0
2731242 1516345980362 1516348711604 8af3c7705f5d91284b6ef7ee5c17e65774f8c151 100.0
2701973 1516345981767 1516348683740 e49317511dbf9636b073acc9ac1c5c80fca62185 100.0
2701972 1516345981768 1516348683740 e49317511dbf9636b073acc9ac1c5c80fca62185 100.0
2770226 1516345982044 1516348752270 8d133425fb63123816990311182ed24cd29c2216 100.0
2770207 1516345982063 1516348752270 8d133425fb63123816990311182ed24cd29c2216 100.0
2822794 1516345982547 1516348805341 6ebde48c08b06ea03638d73536b2f459c0f6f6b9 100.0
2721916 1516345983425 1516348705341 76fdd4e95d9fd5e348e77fc75d6345ad6de96de6 100.0
2716140 1516345984201 1516348700341 0ec2b4565ecde33beda96bba52743ed341d5648a 100.0
3311010 1516345984969 1516349295979 ac3fe5ba27f84f4518a816dd88343ae1317357e1 100.0
2707094 1516345985445 1516348692539 34d9b681e43aa5f0a159465fefd6ab3ab301994a 100.0
2704369 1516345985580 1516348689949 4681b85fc08e28ffc40747a9efc3d80f1ea11f28 100.0
2768941 1516345985636 1516348754577 c052a786b5759798f8ecfda3ce2022437bbbcb3a 100.0
2704313 1516345985636 1516348689949 4681b85fc08e28ffc40747a9efc3d80f1ea11f28 100.0
3506931 1516345988448 1516349495379 61571c51342a8abd259a3a719677f56a60d85952 100.0
3318976 1516345988876 1516349307852 f736711a5d43e47f128ee30e772f91aecaadc20f 100.0
2753305 1516345989558 1516348742863 4d4cab102950a13c9bf8e39988bc92775568b10b 100.0
2709571 1516345989612 1516348699183 94957f709f835d8168b6f992bf66749b2239113b 100.0
2709546 1516345989637 1516348699183 94957f709f835d8168b6f992bf66749b2239113b 100.0
2709439 1516345989744 1516348699183 94957f709f835d8168b6f992bf66749b2239113b 100.0
2709061 1516345990122 1516348699183 94957f709f835d8168b6f992bf66749b2239113b 100.0
2709021 1516345990162 1516348699183 94957f709f835d8168b6f992bf66749b2239113b 100.0
2714228 1516345991337 1516348705565 cc2233ee5d19d12dfb7207ed4699f04c9e04e6fa 100.0
2714216 1516345991349 1516348705565 cc2233ee5d19d12dfb7207ed4699f04c9e04e6fa 100.0
3409398 1516345991386 1516349400784 23640534a83905ee4e54e21bbda95181f474ffc9 100.0
2736929 1516345991448 1516348728377 df7ef9cfe703821f51ee4ffffd469fa20f3d2fba 100.0
3035415 1516345991986 1516349027401 204eea0b08a3c8ba8ab7f763cd2bf72c1512c75a 100.0
2700630 1516345995018 1516348695648 31acd48236b3d7a0c0282c1b156a04b27947f21f 100.0
2700612 1516345995036 1516348695648 31acd48236b3d7a0c0282c1b156a04b27947f21f 100.0
3407701 1516345995669 1516349403370 9f81518afcf23f057dc75acdf5b066f55ad02834 100.0
2713485 1516345997492 1516348710977 9700a5e4bb32f8c213748de30b1943dbfd737fe7 100.0
2713460 1516345997517 1516348710977 9700a5e4bb32f8c213748de30b1943dbfd737fe7 100.0
2716175 1516345998182 1516348714357 85867fc1f8a5eb425f00bc77facb94a098f84e3e 100.0
2716166 1516345998191 1516348714357 85867fc1f8a5eb425f00bc77facb94a098f84e3e 100.0
2841790 1516345998225 1516348840015 94dd0235dfa16509e6599568cffe0d68cfdf0a1f 100.0
3493730 1516346001780 1516349495510 cc306ca315ca20733fe2053473228a18e2c77970 100.0
2739835 1516346030065 1516348769900 97a103152ff603899bd385114f4548e77787add6 100.0
2701422 1516346032522 1516348733944 1ed644ea6fba0657ee22df7557c28983e66bdf3e 100.0
2815885 1516346033533 1516348849418 73b814fa28ebd25f788d23d61b76910ede66e3c2 100.0
2747046 1516346036179 1516348783225 4d810267404d584c9ccae609a10068c0e9ae7d2c 100.0
2734965 1516346037700 1516348772665 a545afadb55f3857bdd434e99435e0244c607885 100.0
2734963 1516346037702 1516348772665 a545afadb55f3857bdd434e99435e0244c607885 100.0
2705148 1516346037762 1516348742910 3894a2eacb813a4fac5999387eebf3d79ca955b3 100.0
2734863 1516346037802 1516348772665 a545afadb55f3857bdd434e99435e0244c607885 100.0
2748561 1516346038657 1516348787218 c3abe89049cda7486b3d71d335689c2c6f6301b8 100.0
2794505 1516346039806 1516348834311 d55db2c8b571d466fff49b588169d5dfd2ff097a 100.0
2771561 1516346040124 1516348811685 94a7ac6affb21259f5e5a4a1f7d959f1ca97d1d4 100.0
2702577 1516346040737 1516348743314 cd166f466d984b37b99a8da3e14455e1eb416cd9 100.0
2710286 1516346041320 1516348751606 9459087085f3864ec38c8c985649bcc8c1aa6aad 100.0
2714086 1516346045405 1516348759491 24eaf4e11f95aa10d71bd3cab6e134aa721fd13b 100.0
2711963 1516346046328 1516348758291 90c1fdeba01e28edf2523359c6a4197739a77d23 100.0
2711963 1516346046328 1516348758291 90c1fdeba01e28edf2523359c6a4197739a77d23 100.0
3359362 1516346047744 1516349407106 dc7055e9fbc785ad0b61f3f5d1ea882af3bc257c 100.0
2704445 1516346049505 1516348753950 8d19cd31cbfce81e639cf97b59624f0b058c07f7 100.0
2704444 1516346049506 1516348753950 8d19cd31cbfce81e639cf97b59624f0b058c07f7 100.0
2705158 1516346049917 1516348755075 62b78298a91acac12db17b06dfc8cea1e54e815b 100.0
2723333 1516346055039 1516348778372 cb3d5427e2f06a97b970d2099af63bfd14302606 100.0
2782302 1516346055136 1516348837438 085fb68eed49c3ab1c6a1561ecaf8155ebc33b36 100.0
3041712 1516346055416 1516349097128 ef66332d0974788fb61f8bc1ea516b54ac546a04 100.0
2717134 1516346055538 1516348772672 4c5db40ca4c15233f018d6809583fe7ebbffdcf5 100.0
2701870 1516346056931 1516348758801 85c1511c5caafc049ed3fd2cc1dd9ac25d38600d 100.0
2737958 1516346057265 1516348795223 18b99e4f0df287236f598e3c22b30fc1107d5b9a 100.0
2708465 1516346058058 1516348766523 a60fb71cdb297032929b04dbfdb603987b76926e 100.0
2704657 1516346058167 1516348762824 8fed265fbae8375bd9edcc8b0f17e934e34aab41 100.0
2704654 1516346058170 1516348762824 8fed265fbae8375bd9edcc8b0f17e934e34aab41 100.0
2715873 1516346058254 1516348774127 285379dfc1d81755225a64715738d55ec17f79b9 100.0
2727852 1516346058947 1516348786799 b7e05f4bbf7d743470b11b4146a62cb0ad328d44 100.0
2741143 1516346061261 1516348802404 48e7ebda20b466b560b9106b77222bd65352187a 100.0
2702116 1516346064676 1516348766792 c7895d367f75dff0d837601869a9eafcac00acd1 100.0
2766403 1516346065426 1516348831829 802ad3489deae1f5ab521a829a30c1466e1ee689 100.0
2834663 1516346066831 1516348901494 d64cb9def82a20813a479222b2f8fcc0422d075d 100.0
2773913 1516346070746 1516348844659 8acf4dc04f026072c81953e67cd16674d801d799 100.0
2710896 1516346070965 1516348781861 ef55da22c2619163920bab84b88b11bfab0df025 100.0
2700896 1516346071141 1516348772037 669e1ddd31203a3ca066a48d09e3a1e0e121a3cd 100.0
2700893 1516346071144 1516348772037 669e1ddd31203a3ca066a48d09e3a1e0e121a3cd 100.0
2700891 1516346071146 1516348772037 669e1ddd31203a3ca066a48d09e3a1e0e121a3cd 100.0
2757230 1516346072157 1516348829387 0f1db6e5a2db81187e35434db387f0d42c1b0d6d 100.0
2708512 1516346074373 1516348782885 7c0bef3498f359f3b58a9ad412313eadb882eda0 100.0
2708496 1516346074389 1516348782885 7c0bef3498f359f3b58a9ad412313eadb882eda0 100.0
3137860 1516346074799 1516349212659 6b774885f9e26c588ac43d38c68b0da4c925fc86 100.0
2761595 1516346075067 1516348836662 b1fa16ea8ce2e5b6a1764fc35cc7d0c198b32687 100.0
2761583 1516346075079 1516348836662 b1fa16ea8ce2e5b6a1764fc35cc7d0c198b32687 100.0
2714790 1516346076509 1516348791299 386fae1ee01e4207248cba01f42bddd54bd6da23 100.0
2711135 1516346078071 1516348789206 b406941e42b0ca7d38ee8874e21d57b73a526ac4 100.0
2713276 1516346078899 1516348792175 39059a243e480e25053875686bb7e298faefb8ef 100.0
2713181 1516346078994 1516348792175 39059a243e480e25053875686bb7e298faefb8ef 100.0
2712920 1516346079255 1516348792175 39059a243e480e25053875686bb7e298faefb8ef 100.0
2701528 1516346079648 1516348781176 a03d9f931783b17ce7ac59610b7f5ab0d8d604bb 100.0
2714601 1516346079690 1516348794291 3c00a1a04fb2d7b0f07f3b300a0efb54a19df7d0 100.0
2700620 1516346080218 1516348780838 795a801dd2843750271148323eeb6f4004673dba 100.0
2700957 1516346080219 1516348781176 a03d9f931783b17ce7ac59610b7f5ab0d8d604bb 100.0
2701454 1516346081227 1516348782681 e69ae3487b74373a26b6d5df12f8bdfccef94ad3 100.0
2760651 1516346083016 1516348843667 57e623d8d457cb9ea81eb1fe7d7d349d5c93f550 100.0
2747854 1516346084998 1516348832852 df97819272c61a93c5e32a41cc604bfd9b2bd08c 100.0
2944492 1516346085734 1516349030226 4841528a932034f4cc8265b7cb4f98f626e0a66e 100.0
2742373 1516346086565 1516348828938 8394af4dc5ac3f5e0acee28bd03f97117733c0ad 100.0
2727672 1516346087769 1516348815441 46377fad205bd543fc215e4e1cae5dcb36b101eb 100.0
2796581 1516346099668 1516348896249 a2aef08aa8afe8818f1188ec6b89345c4b9691a6 100.0
2754666 1516346118576 1516348873242 2825463a765e89aff719aeb5cd3d08366df98891 100.0
2708227 1516346119517 1516348827744 9cc71fab583d78a8bfdfca76d37a4c8079c59d8b 100.0
2721743 1516346119858 1516348841601 3417bff9d880737446d51814c3103c4f2b61c0a0 100.0
2705278 1516346120805 1516348826083 ab45d97d1302162248523b8aaf433f85f7822fd0 100.0
2739661 1516346120852 1516348860513 3dfb3833ae4e7b503c557e900be0614149be0d42 100.0
2715930 1516346123624 1516348839554 8c871d87c16737a51749b02dc4cf1b240a19619a 100.0
2711354 1516346126797 1516348838151 7974a0edc91a88166cdbadf32f951c6c2fcfd69b 100.0
3579083 1516346127470 1516349706553 9539156494a4ad906a4b258fc7b79f526b2b7527 100.0
3579083 1516346127470 1516349706553 9539156494a4ad906a4b258fc7b79f526b2b7527 100.0
2794303 1516346128632 1516348922935 14720eb6762ff35be1b84c79b4b3e4cf657b07cd 100.0
2782707 1516346129861 1516348912568 a9f42b52bf8af6f9cf9159218cfa739823fa5df9 100.0
2714477 1516346132318 1516348846795 04c81de45c472174346878ae78eaa545542ca108 100.0
2705057 1516346132994 1516348838051 083262a6da043af54295350c589c8af63cbeec05 100.0
2819893 1516346137998 1516348957891 00170fbb29144db7f045910a8dc0e8a729abdca8 100.0
2789554 1516346138048 1516348927602 a627a4d33eeae51a6c7d15072336701780d32f37 100.0
2739401 1516346138411 1516348877812 d58286b3b8e23f7d172e3f8d028a95697ab105b4 100.0
2702005 1516346139640 1516348841645 a00106caec2d95b22de8b54d0677d1844dac11e2 100.0
2786160 1516346140505 1516348926665 7aaceac31269cf6d0c49b5bb69e6bd0b6cf2039f 100.0
2975450 1516346140706 1516349116156 5ac92076c0a313e627b19a018d96d6861af12b89 100.0
2731929 1516346144921 1516348876850 f610a32b40a84441d7dd187e734607c871a12285 100.0
2705428 1516346146255 1516348851683 102e98f2fd6a2e45c4d82ad2163ccad3db64937c 100.0
2705428 1516346146255 1516348851683 102e98f2fd6a2e45c4d82ad2163ccad3db64937c 100.0
2747366 1516346147090 1516348894456 d4b286e077d162fbbd908c0a427a082204304182 100.0
2785386 1516346149170 1516348934556 16198d903f7b4da07404a819e76514fbdd5a0aff 100.0
2792838 1516346149761 1516348942599 972b25ba7abe9259818786a34ed62c95fcda34c2 100.0
2741016 1516346149838 1516348890854 076585abdfd3836caca368cb4f60c7370ffdb88a 100.0
2742042 1516346151670 1516348893712 509ff83bdf97f57c050093892cc31e3619474f40 100.0
2752160 1516346151731 1516348903891 ade2536e1e9f1ce6b50836a5b8e0b4f7910574f4 100.0
2712992 1516346152236 1516348865228 bdeaca00d526e13a68bdebbf5b28defc37079c10 100.0
3554305 1516346152241 1516349706546 11b8836de83c554295c5d96ac0dc8b01b6f86a27 100.0
2728155 1516346152651 1516348880806 c0791afd4a0912fc29aedf0208d93b99bae49832 100.0
2728152 1516346152654 1516348880806 c0791afd4a0912fc29aedf0208d93b99bae49832 100.0
3153005 1516346154054 1516349307059 a2ebe1f96acb4458d40e8426703069461e5d5250 100.0
2711576 1516346155674 1516348867250 863b5868bf1fba058e6654a841fcb24a3ab0e9e5 100.0
2729948 1516346155959 1516348885907 2b2afa2e1153656f0fcebd74b985ffa0c6d73b81 100.0
2728359 1516346158694 1516348887053 9cb37317237f6602ccadd08f84d26f2e40aa91bc 100.0
2807340 1516346161508 1516348968848 ec074ba32852aa91c6fcd629e39214818faca75b 100.0
2955363 1516346163496 1516349118859 8468156fc0bf9b57a356188641d0fcee0a17ecb0 100.0
2731979 1516346164270 1516348896249 31abf452c1b0f8ce0848aa5c74c3d60c21a067a9 100.0
2700477 1516346164619 1516348865096 266fa408882213ced2f02f95f962b26e6c511174 100.0
2700473 1516346164623 1516348865096 266fa408882213ced2f02f95f962b26e6c511174 100.0
2701534 1516346164995 1516348866529 7248c153df4bb031c6505562afd69a6116948efb 100.0
2764579 1516346165423 1516348930002 c719d082d454bafc4700499a0630279cc203dcb1 100.0
2761938 1516346165429 1516348927367 0fc41695784ac421400c1be82afddc785d37aa13 100.0
2955556 1516346167295 1516349122851 d06d3ce3efecacedd5edcd105dd20f68b3e94284 100.0
3427983 1516346167558 1516349595541 9427e7715e23460be3b31a8a778ce81c05050a31 100.0
2709050 1516346168463 1516348877513 d3ecc1d772c46f8b5806a0a2f1bec63f3819ba75 100.0
2705881 1516346168554 1516348874435 62734d440d1323558194e4ec658a7b5b4a57a43d 100.0
3595605 1516346171813 1516349767418 3de69e1101b860336e6408043eb412ca09a1e0ca 100.0
2707009 1516346171888 1516348878897 21e8b8beda733a744b3a1739c1429dc57a1c4a33 100.0
2745934 1516346172072 1516348918006 af0edd3b3d96df9b2db4c1d63dcfacbef9684785 100.0
2749045 1516346173180 1516348922225 3d2522d63e0c6514cfd3f3f04279eea505bdbc00 100.0
2749046 1516346173179 1516348922225 3d2522d63e0c6514cfd3f3f04279eea505bdbc00 100.0
2749046 1516346173179 1516348922225 3d2522d63e0c6514cfd3f3f04279eea505bdbc00 100.0
2737154 1516346175826 1516348912980 725047343138d7621460ccbfc722c7aac179387e 100.0
2817175 1516346176077 1516348993252 8991b3291c7eef924d83dc40c547d5edab131809 100.0
2714639 1516346198877 1516348913516 39d802b52091ee805bec2fddad225157d0be55b0 100.0
2714155 1516346199361 1516348913516 39d802b52091ee805bec2fddad225157d0be55b0 100.0
2700630 1516346201860 1516348902490 14d161e710dc5a117d1dc5ae668322c393ce3481 100.0
2737462 1516346203754 1516348941216 bfcf30a926f0de9c2b5aab819cbe706b63bfd7e1 100.0
2700053 1516346204980 1516348905033 b114fe4eceb7766ffba28f76c8b518dfb082b811 100.0
2735810 1516346205724 1516348941534 0f80dc2aa11dee74f9afc08120afbfa39f51bfcc 100.0
2746630 1516346208438 1516348955068 93f2d6078693a3128e8a7707e0775962bd7056b6 100.0
2729574 1516346208680 1516348938254 eedf9e96ccf1958deddda7d73494514607d52c12 100.0
2713149 1516346209890 1516348923039 36dae8b95e64c93d16942b85490a2ae26487afba 100.0
2740804 1516346211085 1516348951889 c11206f788d3e9b4949aa79be93424c2c36b509f 100.0
2728666 1516346211298 1516348939964 1561f5d5dd5a1d13791ad37a2a2d739db169e1dc 100.0
2760521 1516346212982 1516348973503 0d1ee09127d629b9b8eb8144d24f80c34d6d9ba8 100.0
3265461 1516346213768 1516349479229 6d3ebc37686fe6099ed2b4355f50aabf0673d336 100.0
2754488 1516346214347 1516348968835 a5d1de18bb57fbc49e5ca37c93ad6968bf77f4f7 100.0
2719650 1516346216393 1516348936043 6bde6ad526b9d350395bc02fd7cf811000f81111 100.0
2700237 1516346217181 1516348917418 910070adade6c21f9b3ed9e46da6d7b8ba0b7b65 100.0
2901484 1516346218282 1516349119766 c8beb245e8f90056252e5be18194c20971917609 100.0
2893948 1516346219658 1516349113606 85e07df198317738363b653b2865a880eb56c798 100.0
2720432 1516346223637 1516348944069 0b83b8323ccf8e2e364015bfbf14d641555ed837 100.0
2720430 1516346223639 1516348944069 0b83b8323ccf8e2e364015bfbf14d641555ed837 100.0
2814704 1516346224809 1516349039513 a4f9c90f1d26983cfc5ee99d82c36d3d36240964 100.0
2986802 1516346225872 1516349212674 2d5161afe5eb58e61831a196eb4ed0da0226d327 100.0
2716425 1516346225943 1516348942368 f392aa57a089f7dec07ad9a0a8b89b2060b90cf1 100.0
2716425 1516346225943 1516348942368 f392aa57a089f7dec07ad9a0a8b89b2060b90cf1 100.0
2713304 1516346231359 1516348944663 590623dc1043af35e923960b1f35cefd06fa26b2 100.0
2715806 1516346233538 1516348949344 13d42ac49408fa2100d59bdd802e86f880f179f0 100.0
2722537 1516346234880 1516348957417 5e08f43ece99c6c86f1e85d1f4ec703101367c46 100.0
2749467 1516346235305 1516348984772 e82163bd4a252255c57457766677dca31cbe1845 100.0
3142476 1516346235708 1516349378184 b3bd20680ea5cac94a62392a0f549cf85f1d53cd 100.0
2706998 1516346236301 1516348943299 6ea9f41395f385ada275c44810e322365dd7f8c7 100.0
2715785 1516346237797 1516348953582 5383562f48ef906d978b599f15153eef1f5d967e 100.0
2755563 1516346245502 1516349001065 cb2303720f713ef80ce554a59fc0afd221996005 100.0
2708932 1516346247585 1516348956517 da80041902b44ee3e8a46684ed5ad1d294ef8696 100.0
3456102 1516346249476 1516349705578 bcc3a0534da0730c4db0d1815887f0b2ded21d32 100.0
3456099 1516346249479 1516349705578 bcc3a0534da0730c4db0d1815887f0b2ded21d32 100.0
2714583 1516346249809 1516348964392 7ee2d7206f883840bd49c9b13f834abde8c8485a 100.0
2718391 1516346253566 1516348971957 9b8a55fa41b6c2c2ef0c88187f36c665fc49301c 100.0
2718391 1516346253566 1516348971957 9b8a55fa41b6c2c2ef0c88187f36c665fc49301c 100.0
2742389 1516346253766 1516348996155 8dfeeffd217114c38ca6c9b28d66057c629b7161 100.0
2705833 1516346256970 1516348962803 96c30a3079500c6128d5532b5d44b033b376a985 100.0
3047933 1516346259880 1516349307813 875e4dc65bfbe7ea610a9f1202aae8272dea3f91 100.0
3125364 1516346260235 1516349385599 9a0fd5d430e53dd8ac3dc78d1519daed9255ce5f 100.0
2771997 1516346261709 1516349033706 56cfef3f46ac89f44c0b24b64ff5073065a1fb4e 100.0
3054731 1516346262274 1516349317005 6f8afe2a8f39d4eef1added9ab2ba81e446fc8e5 100.0
2743909 1516346262532 1516349006441 7407f82239806e8dbdf4c51e8de26a79864323ce 100.0
2717452 1516346264975 1516348982427 517c5a21b34bb24fef4d2b5ee0f11c71b6f1d746 100.0
2715042 1516346266037 1516348981079 16193e09ff096d3e40228b1da1e7ba37835be0cd 100.0
2864416 1516346268000 1516349132416 486a09d838f5bf400cd807affcf9a95ffa48d712 100.0
2743511 1516346268434 1516349011945 7b07b06f980b2faafaf12610f82e2dd8286a1317 100.0
2768704 1516346269184 1516349037888 809e699cf2d953d27c55cdae769c5e3c0b01f4f7 100.0
2753503 1516346270628 1516349024131 045accde2237d19ec432d3c9df2c20c43b6df801 100.0
2707861 1516346272148 1516348980009 7147114a56758f96b9e427b94570ce5105a59308 100.0
3597880 1516346292489 1516349890369 80e35e1d63ea8e31718fd6d250d04a4bf858c230 100.0
3187919 1516346307457 1516349495376 db53dfff995ba81366869eacbd849a242bf5eeb6 100.0
2709391 1516346308446 1516349017837 fd6d43a832da7a178d0ba89c1dac2de8eca16a19 100.0
2779448 1516346308694 1516349088142 f8e113dcf1645f8c041a3b6281726dbe323d176a 100.0
2725556 1516346311816 1516349037372 a252795fcd0f47de30b0e200f6f597ee5539a27d 100.0
2711079 1516346313053 1516349024132 2a0a475b4f29e78a26c371c90fbb53e3dd0a66a1 100.0
2703509 1516346313805 1516349017314 578a92f6260160d073aac616b00ddf816f1eb1dc 100.0
2703509 1516346313805 1516349017314 578a92f6260160d073aac616b00ddf816f1eb1dc 100.0
2712364 1516346317790 1516349030154 2e54c818b07b003b0878beb099e574f1e1638b1c 100.0
2712364 1516346317790 1516349030154 2e54c818b07b003b0878beb099e574f1e1638b1c 100.0
2710589 1516346320805 1516349031394 7fff69621cd4f7a03f7751d182ae86e044c8f239 100.0
2710588 1516346320806 1516349031394 7fff69621cd4f7a03f7751d182ae86e044c8f239 100.0
2712719 1516346322437 1516349035156 2e88129716e578be0a0c406675840bf7d396dd1e 100.0
2708077 1516346323988 1516349032065 633b1f7bdf742550fe6c20b06c3fba9cc72c8574 100.0
2708076 1516346323989 1516349032065 633b1f7bdf742550fe6c20b06c3fba9cc72c8574 100.0
2761135 1516346325228 1516349086363 491b3ed44e0fcabe11e16a8e48b5d9f8c67d00ab 100.0
2702986 1516346325234 1516349028220 92bc5b143579cebdb29b4bf4eb6b340513d54cb1 100.0
3166251 1516346326359 1516349492610 632b0a8c2c94c238463b720d6acd73a35ff822da 100.0
2710722 1516346326420 1516349037142 6f79c6266b537407d5314361c31ea5b9e6d9b5df 100.0
2705871 1516346327584 1516349033455 10adedabf61d6b648a2e3f67fdbe250e200be94b 100.0
2707354 1516346330628 1516349037982 a250e71f8526e178323da36e13994f43b1ef34f8 100.0
2707351 1516346330631 1516349037982 a250e71f8526e178323da36e13994f43b1ef34f8 100.0
2782066 1516346332829 1516349114895 21e0c3f775c31ae7cb5b1e40fb1d1ab8ccb1be84 100.0
2797212 1516346335228 1516349132440 26fdb12275b36a69d034fdb3b4384cb81ca43a9f 100.0
2729831 1516346337824 1516349067655 c50a48e82307e639a5ade30d907489e8f04ba2ca 100.0
2702895 1516346338727 1516349041622 13448b7137ae8785e2f7c3e060a1e4b75a3f7388 100.0
2702894 1516346338728 1516349041622 13448b7137ae8785e2f7c3e060a1e4b75a3f7388 100.0
2701453 1516346345448 1516349046901 1bfb990592d74d75e3d0b3c3e772ae6fb3d08834 100.0
2725015 1516346346806 1516349071821 49efc0d7a76f0a9a032da89fe73373e18b2d85ed 100.0
2725013 1516346346808 1516349071821 49efc0d7a76f0a9a032da89fe73373e18b2d85ed 100.0
2877113 1516346348551 1516349225664 5a4969a0f10fa76d49a190d2e1746c733ebc9ce2 100.0
3542746 1516346349023 1516349891769 b5d74f67eff708d117257377577f2af7f29fc323 100.0
2823080 1516346349243 1516349172323 d50d1af868ec158d80666b77dcfee07a4be9e640 100.0
3553896 1516346352089 1516349905985 c5544ae82aff5dae4e7e7075a50dd0e2b00a34f6 100.0
2751535 1516346357383 1516349108918 a6f5be25385dbba895d61151d7c403ba75edfa11 100.0
2708574 1516346357650 1516349066224 8bdb362c77de2e74fac78ddb542193c44741fa99 100.0
2721703 1516346358435 1516349080138 6bf587ee8a24de7e13f769acd57dbc33d5ca1042 100.0
2803434 1516346362376 1516349165810 7f9a8fc8206239aeb64cff96d3d722517ded26d3 100.0
2720919 1516346362456 1516349083375 630db0ab7b5bf984538399e2a7823d8afa56e2d2 100.0
2707810 1516346363545 1516349071355 54654393048c8577717fe90b5858267eecebb702 100.0
2711187 1516346363568 1516349074755 626d91b4e64f778e4f86ce9bce61a3aa47ad59db 100.0
2711182 1516346363573 1516349074755 626d91b4e64f778e4f86ce9bce61a3aa47ad59db 100.0
2756532 1516346369783 1516349126315 df07f3966719e33d056993eb5cd47edb4ba40d8a 100.0
3116256 1516346370049 1516349486305 8e891c188771bc03115a2fbc8faf9e65687a6fee 100.0
3116247 1516346370058 1516349486305 8e891c188771bc03115a2fbc8faf9e65687a6fee 100.0
3116242 1516346370063 1516349486305 8e891c188771bc03115a2fbc8faf9e65687a6fee 100.0
2708460 1516346370752 1516349079212 a311c8384a2d7097b1f6fd58dd406f69656af770 100.0
2768918 1516346372561 1516349141479 aa69049182d22ab6a891ebd194e1aa2c6ea81d72 100.0
3030698 1516346373732 1516349404430 dfc7820e85bff5de4091fdad6f64cb4b82aa816e 100.0
2702883 1516346374213 1516349077096 b197e1de14d6f724e79b3c64b8e255fa52843ef1 100.0
2713576 1516346374272 1516349087848 0262e5a2e5e737abc413d231e7ab682d99bf135b 100.0
2716129 1516346378057 1516349094186 17334224c8278e141b31578f6e84a562a7b015a3 100.0
2715357 1516346378829 1516349094186 17334224c8278e141b31578f6e84a562a7b015a3 100.0
3597688 1516346381089 1516349978777 267173b3dec9cb1a7de86e49ccd746532201ed3a 100.0
2713560 1516346403830 1516349117390 f2911a36f2a2fd2f8dd10dc9fe5c2d22bf42a85a 100.0
3485741 1516346405994 1516349891735 1be77ffc1257deda1023dfd4e3421277198e88f0 100.0
3584377 1516346406231 1516349990608 e738748a793bc3c3850d0f3f8bd60c4c0f7a473d 100.0
2716051 1516346406293 1516349122344 ebdec8654f67f86c8bc031a788bd9efa9153ed1f 100.0
2708836 1516346406431 1516349115267 aab55abfebc1f21128904a472639bc7ec24e575c 100.0
3587607 1516346407122 1516349994729 2817bd67a7e0e9b14256267220e570e9655f2410 100.0
2904402 1516346409261 1516349313663 469b9467611e30623f5c28eb32a9152e82649cdf 100.0
2715757 1516346409386 1516349125143 feab8fae4ebbfcfcee69ff58c579d96303324f92 100.0
2842929 1516346410066 1516349252995 24813f791c575603a2da46ef883ecb0983635c8e 100.0
2701169 1516346411065 1516349112234 7f55635caff08e0f069345d9cc498fd61fbc0923 100.0
2700650 1516346411488 1516349112138 c4a434c286d88108f15512f63550a117edd81355 100.0
2757901 1516346413826 1516349171727 c7241656dcdf163cfc59d95aefcf2e63df0c9e3e 100.0
2920239 1516346415304 1516349335543 f78958a3f3af0f0fa0c56c09ee739c614f2923ed 100.0
2751856 1516346417080 1516349168936 66c09b5f01b4c0d43e2438ce36f2e00b46d61fc5 100.0
3215032 1516346420012 1516349635044 bc2e95a34352695015920fd7a3ca941978af6094 100.0
2949146 1516346420045 1516349369191 74d3f823cd82179821ab19579498a7f1827330da 100.0
2887642 1516346421173 1516349308815 1cfbad4cbec071df5ae806d6d25652365b96af76 100.0
2841946 1516346423164 1516349265110 aefdca0569c4b0722e32f28dd1457a9a5aff0c54 100.0
2888198 1516346423647 1516349311845 494697315c4ae5fe15c56362f6de9eef4f66dbe5 100.0
2719170 1516346424087 1516349143257 f957c6601ffb2fb4f987f54bcb38f319ec372e1a 100.0
2719170 1516346424087 1516349143257 f957c6601ffb2fb4f987f54bcb38f319ec372e1a 100.0
2980015 1516346424398 1516349404413 a3bc11750d86aaafc87519fca3c66ff46bf674e8 100.0
2708447 1516346426302 1516349134749 2d55f1283ca66e6ff35643144d39f0ee36335f84 100.0
2714395 1516346426751 1516349141146 e197ff52639c24c1ad3d227c198ed072f65ea5fc 100.0
2724896 1516346427680 1516349152576 6ceeb36e7c204465f92d4f37ed3303c2865eb774 100.0
2852096 1516346428412 1516349280508 d1e39b8636f42e7b54e80c654f84f6b218e9b855 100.0
2788484 1516346431383 1516349219867 394e7898910e29a1941647fbae920a14a0d658e9 100.0
2719664 1516346434502 1516349154166 3fcfd465b017d06a58be120eea739a07461e4fae 100.0
2719663 1516346434503 1516349154166 3fcfd465b017d06a58be120eea739a07461e4fae 100.0
2786808 1516346438044 1516349224852 2acfb5eaa2cc78826777e16a355d5458c1cf1a74 100.0
2702066 1516346438285 1516349140351 34a5f5c7a0b3f60f862fd578bc3f22d370d2e331 100.0
2778451 1516346438404 1516349216855 1f770e21ac8f6321b6cd3025177ff2f56ae8674b 100.0
2772517 1516346441336 1516349213853 11af20ed342832bd2b7891c07d38d1f6f140a8c5 100.0
2760244 1516346441592 1516349201836 f29e135ac9abc95e56cbbe30e4c24473e2994437 100.0
2771824 1516346441897 1516349213721 4f29e00205f4efef72a46d596c6002e2b79bb75e 100.0
2714085 1516346447266 1516349161351 facbb47a9b216fcb7602cea2b2ddff8b7055ae0e 100.0
2753116 1516346447672 1516349200788 cf6ba52e19d6710610d6c50502b289f8ab7f4f02 100.0
2753114 1516346447674 1516349200788 cf6ba52e19d6710610d6c50502b289f8ab7f4f02 100.0
3537457 1516346453208 1516349990665 d83bb920f798ebdeef999a0a3d15aba529d35772 100.0
2765950 1516346453861 1516349219811 36d4e46b4ca7373919bb164b05c861cd63eed461 100.0
2795174 1516346455292 1516349250466 6b4c383bc1f8d8c4735edc12e950b7adcbf80e15 100.0
2709581 1516346456081 1516349165662 d8410db42840698b96668139071f598c1e5c5120 100.0
2733786 1516346456741 1516349190527 1b1e7a91b1d29d36f4f22351f9e3ecfd519897eb 100.0
2798849 1516346457190 1516349256039 f869c28a61b42b3b26043f48fb61639cb1accc67 100.0
2700867 1516346463127 1516349163994 a2a84e24b3a1b302b3972549045d1a2bd8d713b0 100.0
2713926 1516346463461 1516349177387 31eba953e065f9073fcf6b4f3a4ba377d5425948 100.0
2713759 1516346466669 1516349180428 af0377701f286e62921fb188d78157f2113f8f11 100.0
2737520 1516346466716 1516349204236 7c3d6eb8afe3ceeab57f14a362f2897cd54a9501 100.0
2709625 1516346470968 1516349180593 0eafb151c9f1e96f327733a46ee80ceb296b947a 100.0
2776819 1516346472081 1516349248900 066756df2f31a3727ab4341c9bd9db2c814a64a5 100.0
2741272 1516346473760 1516349215032 f681aca2eebefdccc656237e9afb32d0fc7c72bd 100.0
2716322 1516346474985 1516349191307 8554aab611671e97d379726bdc6578312a93d6be 100.0
2739951 1516346475081 1516349215032 f681aca2eebefdccc656237e9afb32d0fc7c72bd 100.0
2761599 1516346475534 1516349237133 bd77cee72936cefc6db79f7df8aa348347787b25 100.0
3598191 1516346498353 1516350096544 a1eb11a9d8f5baa3884f60bb8fbb2a739e0bd838 100.0
2704600 1516346510827 1516349215427 a5533451b317bb7172a79d28933c9f4ada58791a 100.0
3587157 1516346510938 1516350098095 d3d2f315643f03c5c97a3ca6e42d37639920e3bf 100.0
3587157 1516346510938 1516350098095 d3d2f315643f03c5c97a3ca6e42d37639920e3bf 100.0
2721959 1516346511254 1516349233213 ebed8818dc4e07c3f06ec0a8c02bc5695dd455ce 100.0
3448643 1516346511404 1516349960047 dfb3bd1ac4813d2ead3598605a45da3b66375d15 100.0
3448644 1516346511403 1516349960047 dfb3bd1ac4813d2ead3598605a45da3b66375d15 100.0
3379539 1516346512195 1516349891734 48df9d70ac40900b3ed2c764ba3f55b2f7b0856d 100.0
2743348 1516346512316 1516349255664 5fdbef2f94cad59d5ee6bea31cb14cd931c4fadf 100.0
3585200 1516346512878 1516350098078 b8b31d4c70d28094f0fdf94695ffe700368cc932 100.0
2770886 1516346513795 1516349284681 34915bfce1d031a54a5bd6bc0b5b7b97505ed74b 100.0
2712718 1516346516313 1516349229031 fba28955666608169dbabdc1a33b072b7bc6d94d 100.0
2735177 1516346517398 1516349252575 a6688b1e8eee9580cfd97d6cd924fdefd7b82a2f 100.0
2816674 1516346517430 1516349334104 4a25b9faf8b21e45d5636c1070cf84b20e886c7f 100.0
2730503 1516346521937 1516349252440 87f19c41e36fdf3501fd89bfc0af3d9569ba550c 100.0
2750085 1516346523637 1516349273722 c6c431eb5a68c5504223e2b7735c593695c6a843 100.0
2879142 1516346524087 1516349403229 2e093bae8ec3e05c872fecb4212f1eaa57077bfa 100.0
2701764 1516346526256 1516349228020 760cebdfdc6f9d0903a1058af881405792e74be1 100.0
2701764 1516346526256 1516349228020 760cebdfdc6f9d0903a1058af881405792e74be1 100.0
2700002 1516346528279 1516349228281 76ba17bcd78f3f98ccfff4efcf029911db869029 100.0
2700692 1516346528330 1516349229022 b5ab0b63edd2f0e0f26ba2f3b600c402ac49c0a4 100.0
2700691 1516346528331 1516349229022 b5ab0b63edd2f0e0f26ba2f3b600c402ac49c0a4 100.0
2711996 1516346528347 1516349240343 caef7cf39f9b3dedfd44e768b8eefa6aab4deb6e 100.0
2735292 1516346528363 1516349263655 fca5035ba14b3ad7528444f5ecaea56f70333c55 100.0
2724035 1516346528660 1516349252695 93ae91b035423b31dc24d91ae2faf4b017fd4670 100.0
2775822 1516346529080 1516349304902 36da28c17ec0afc3ad2801a55e0f7f84720a241d 100.0
3347277 1516346531709 1516349878986 d9ec7ffd803714a15cc98a3f45cffd8721070aa8 100.0
2728567 1516346535123 1516349263690 cda3d9d6d4f0162044b3a80741d87c8922583d64 100.0
2738772 1516346535393 1516349274165 08a09e23ccc08981eac215b36e461f0dd87eb252 100.0
2736988 1516346535865 1516349272853 42d54975864db853c3586de949024209f16da368 100.0
2834155 1516346537091 1516349371246 bc46b3510a3d8b8c5c257d80cf881c4445526a22 100.0
2857760 1516346537749 1516349395509 ca51fef082eea0c72b78cd7185a12dc0921682d0 100.0
2718779 1516346538503 1516349257282 1b3d7850a16c3d4f7dee5faefc2e031506cc6a64 100.0
2718778 1516346538504 1516349257282 1b3d7850a16c3d4f7dee5faefc2e031506cc6a64 100.0
2718776 1516346538506 1516349257282 1b3d7850a16c3d4f7dee5faefc2e031506cc6a64 100.0
3161087 1516346538608 1516349699695 891b942f37dbccbf2b404da1b6e2cfafcfdc19b6 100.0
3161084 1516346538611 1516349699695 891b942f37dbccbf2b404da1b6e2cfafcfdc19b6 100.0
2723935 1516346539022 1516349262957 63f5b59c5461181047fe7d7cc6f9cf72dcce5e1f 100.0
2714835 1516346539355 1516349254190 3e2091e3c0093fd215a15bc78f1173445a8a6e3a 100.0
2702523 1516346540695 1516349243218 b878c8b87c22de97a03805b606124bb32b1d41fe 100.0
2706810 1516346543522 1516349250332 c5f9b2897fb99ca57cdd5148d01f37cef8aecd93 100.0
2700972 1516346543967 1516349244939 25a61f9ba32b2b40b6993a65784b8796e0251a3c 100.0
2701428 1516346544154 1516349245582 7d8b0b59ece4a2037a2e007f137049eaf9c4b5a8 100.0
3553146 1516346544938 1516350098084 8c9fc2d21e4633186502965b2d0a20364b699c11 100.0
2729539 1516346545186 1516349274725 da9265414e2f6d37526ac28e9df9625da25a6dad 100.0
2702055 1516346545663 1516349247718 a8e3b329c148423772e67132b80b5f6bad899d99 100.0
2703030 1516346546552 1516349249582 b9403af99c66c0fa1dcccc38c38a037272a16dd1 100.0
2711778 1516346547052 1516349258830 785ff65c3e15d48582c76fac2a8971757135ac8b 100.0
2726436 1516346548408 1516349274844 ea2e774c65b867f6ee9a04758ebabc650b21c9ae 100.0
3549496 1516346548623 1516350098119 1046ac2671ebdcd936f395f42e8572c51f39b446 100.0
2702253 1516346553591 1516349255844 4652d8847ff19a4d705cbce5d769d31541457b3c 100.0
3552549 1516346557737 1516350110286 bf01e8c5328d0e3a14d7f28f4d07cf0778168916 100.0
3552548 1516346557738 1516350110286 bf01e8c5328d0e3a14d7f28f4d07cf0778168916 100.0
2753058 1516346557907 1516349310965 dcd76bd1d35203c59cdc359692066c1d5b19f653 100.0
2750968 1516346558410 1516349309378 931d177c0d465d45960cd5b707598a16e164f478 100.0
2750968 1516346558410 1516349309378 931d177c0d465d45960cd5b707598a16e164f478 100.0
2745141 1516346560474 1516349305615 56ca995ac983e927129fb13787cece9c197fcc46 100.0
3227954 1516346561372 1516349789326 eab585230100277b73cea39b719420d7772d9aa9 100.0
2720984 1516346561587 1516349282571 d4a600799fbee59523e7124ff8f5107abb988748 100.0
2720971 1516346561600 1516349282571 d4a600799fbee59523e7124ff8f5107abb988748 100.0
2707250 1516346561864 1516349269114 502190b0570e863b2a7eee92066f0db2b34f860f 100.0
2702323 1516346562406 1516349264729 58c46ea2e0d1e356e36ed8dc05ad431cb821fa50 100.0
2728302 1516346563104 1516349291406 c12a8e507a267c3ca31258f5034fae81dba2bb2c 100.0
2728300 1516346563106 1516349291406 c12a8e507a267c3ca31258f5034fae81dba2bb2c 100.0
2728298 1516346563108 1516349291406 c12a8e507a267c3ca31258f5034fae81dba2bb2c 100.0
2750039 1516346563281 1516349313320 14335245b878c3d835c0b74d3ae8bdad2659d169 100.0
2741367 1516346563864 1516349305231 30627148bfda65ff555f81369abce0a4ccd4d95e 100.0
2824021 1516346564450 1516349388471 a7e3fc38cef4c3c6a83710bf97bb70a7a4278c33 100.0
2955108 1516346565381 1516349520489 c302e92bff1e5794ba2087f7407f960260d047b5 100.0
2760031 1516346565912 1516349325943 6fae924a92e02f9066a8f15e40204fa811b0eea4 100.0
2837245 1516346565952 1516349403197 3d81cdb62d8d1a7f0284379162df556709067ba8 100.0
2710024 1516346566334 1516349276358 e17d0ae22a4467418681e3e22b5cc721ce8690ac 100.0
2765038 1516346568988 1516349334026 d0cc616ce4d54ea50e4652c4f1896967b73d4876 100.0
2831383 1516346571860 1516349403243 945e0cfa92b0ddcc5a070c75ed9e84e80c6345ae 100.0
2802536 1516346572689 1516349375225 015c21f4c3334407ce613c23abd9ef81fe181207 100.0
2845426 1516346573623 1516349419049 fb4accfd4ca53f1a7f940365825df6b08017b92a 100.0
2759544 1516346599545 1516349359089 c7a99a04eae8d478e1e8bb451b34d7a0701f4586 100.0
2732808 1516346600004 1516349332812 668e01dc48c1560de7ecbeeba5638217baf7c8fd 100.0
3597695 1516346600004 1516350197699 ea97b87c92bb9feb2df16df997e6e0f2565d8d00 100.0
2709711 1516346601209 1516349310920 18a4ff7b6ea27d41b0c4af1df5f78ab9e279d07b 100.0
2728902 1516346602368 1516349331270 942cb470fed99da4d1202ccf5115326a00c49519 100.0
2702334 1516346602835 1516349305169 2fc7deff9e2d991bb1d217ca13e3ff7ddd246043 100.0
2706098 1516346603254 1516349309352 67799d544ceb2a280e2c5cfc30784509b6395bfa 100.0
3482193 1516346605556 1516350087749 2a594a98eed4d6dce165cd624ae300e3c1956698 100.0
2822990 1516346605578 1516349428568 8a4d8f77b7c771d4c79b40352aa5c41742fce75e 100.0
2761053 1516346605844 1516349366897 a41deb8c1993d4e672a45ff021c0033c9f0316ae 100.0
2731885 1516346608432 1516349340317 d6d5724d4347fb356f16a37e4358a636a3392528 100.0
2732529 1516346609367 1516349341896 7a790e81fa31de5e2942aae0ebd185734d27d836 100.0
2710507 1516346609570 1516349320077 84869fd81478a819a33d99365c2a44e3779e4902 100.0
3072671 1516346610346 1516349683017 620e67e12da18baefb7eb41b7525ec9e3310b344 100.0
2761289 1516346613815 1516349375104 0a36a1dc5ccbcc96a33f490112d650492ef27f51 100.0
2705238 1516346619204 1516349324442 60671e5d185ffdaa9915d1290a5f0086492cddd2 100.0
2700218 1516346619558 1516349319776 4f16eab63c34e7cefbfbfd91920804a79c850df4 100.0
3159892 1516346620601 1516349780493 1f9e635732ac922ea1b1ef4a893a00bdb56a7dd3 100.0
2706561 1516346622826 1516349329387 95270ff99d15ac88d9406bab39c00a19ca5b0503 100.0
2709903 1516346624073 1516349333976 0c5858723f4f517cbaf94959ea9f1b1f36a69620 100.0
2714553 1516346625330 1516349339883 201adbaac562792ed7be41fd9c802dbd60e43a70 100.0
2792970 1516346629424 1516349422394 ad61a1333ef079cfdf6d4bd94a4a5f2761c0fd01 100.0
2709408 1516346629836 1516349339244 2adc1f4e14632da758ec1f6df8190b4e661750a3 100.0
2711993 1516346631220 1516349343213 5be3fa15ff3a61b131c897bf36552dadcec34c48 100.0
2711990 1516346631223 1516349343213 5be3fa15ff3a61b131c897bf36552dadcec34c48 100.0
2862152 1516346631985 1516349494137 03a0dd3beb6d645b6ac1c1d4558bb7f0d97f63bd 100.0
2711734 1516346632224 1516349343958 7bc0917b1d8839b97410d104b62565f51e4d1c50 100.0
2711732 1516346632226 1516349343958 7bc0917b1d8839b97410d104b62565f51e4d1c50 100.0
2706219 1516346632663 1516349338882 522c83e32b16e11e48b62734531b52dcadb18811 100.0
2706215 1516346632667 1516349338882 522c83e32b16e11e48b62734531b52dcadb18811 100.0
2706215 1516346632667 1516349338882 522c83e32b16e11e48b62734531b52dcadb18811 100.0
2707132 1516346633802 1516349340934 7f918cade624487ac375795a809f05dfc9697678 100.0
2797569 1516346634367 1516349431936 77560fe73c04e1ce8fbc7844519db2316ed7795d 100.0
3552731 1516346637202 1516350189933 736a21ae5cffac12023ccb242ace4e6cefa1f227 100.0
3156792 1516346637512 1516349794304 282c5a32635e07e783466968e6090889ffe7c282 100.0
2774931 1516346639430 1516349414361 c1aca53936a763d34541203c8df6953512782598 100.0
2723150 1516346639592 1516349362742 f5258fe03e37ad38018723983457987f2a6fa249 100.0
3059918 1516346639815 1516349699733 a595913abdf3a6208ef49ad01ed660065e0300f6 100.0
3059918 1516346639815 1516349699733 a595913abdf3a6208ef49ad01ed660065e0300f6 100.0
2704301 1516346643288 1516349347589 d274ae80e20be96fd24184bc2362e46c12513914 100.0
2704300 1516346643289 1516349347589 d274ae80e20be96fd24184bc2362e46c12513914 100.0
2747658 1516346644545 1516349392203 b9baa4954eef06fcc977644558a9a11cb82f1c21 100.0
2726452 1516346644861 1516349371313 a833b8d6400d1fb5d14cbab70ad36ef826cf1c74 100.0
2807162 1516346645532 1516349452694 83f82d56e2dc2bf6a4414e3773a9d93a9e0e40cc 100.0
2848704 1516346646184 1516349494888 41248e55daf7858ee8cd5fad53b04874e1b04a6f 100.0
2778949 1516346646451 1516349425400 297468cfc3e2588a6b0774a22944f9f0c643c6c7 100.0
2756097 1516346647044 1516349403141 fb3b522e6bdff57f138a5d47fa48c56e2b8c3a41 100.0
2720985 1516346647101 1516349368086 397f84df93660d54610032a968ff9aa7d4dd0fb2 100.0
2708502 1516346650647 1516349359149 452110794d3c9dde52ac579980c8b8f8e2548861 100.0
2708500 1516346650649 1516349359149 452110794d3c9dde52ac579980c8b8f8e2548861 100.0
2743322 1516346656316 1516349399638 2a4e880cd25b6f978f086d57f8274681ffad3052 100.0
2793244 1516346657421 1516349450665 b4593b5e0e4beb4578f2fcac7eb0f34e317cb239 100.0
2711300 1516346661377 1516349372677 c52a8050beef1631ec61b367e7899bf96f5b382f 100.0
2901904 1516346661690 1516349563594 81f2bd0043bea5fb3f2d76d5b88f25460bb98e06 100.0
2729526 1516346662281 1516349391807 9e5da768afc3de4a786ae83bc6c2ae11d933e68c 100.0
2720756 1516346664070 1516349384826 4dd98a812d0ba471b2190f66383d3907d9954ca8 100.0
2734098 1516346664188 1516349398286 cc30b5ba4821284674ecb50cdf40ed6ba4b57563 100.0
2764699 1516346664506 1516349429205 99ff7eba562592ebbc52af4c396fc6fc7994e43e 100.0
2711583 1516346666466 1516349378049 b8ea25a39fe4b1d79dcbd895f28395555563491d 100.0
2705469 1516346667814 1516349373283 e19a10cfae369a2be29715f1eeca2ac126e27daa 100.0
2720236 1516346668196 1516349388432 b47f5202a25b1ff45b8a4302891c9d1c48fd0bc0 100.0
2762664 1516346668834 1516349431498 dd0dcbe5cea5f2bbfc6f2d52632876d40cce6041 100.0
2713715 1516346696134 1516349409849 11d80410497ccd665233fd002a783178b8739464 100.0
2726460 1516346696585 1516349423045 9bd7f943e3e207d4ff71e82ff8414ea6cf2c48b1 100.0
2927526 1516346698030 1516349625556 8fdad7f015034376de8c64ac9f4fdc857ef31bbf 100.0
2745194 1516346703221 1516349448415 18a84ec0bfe14cab2cc6db56e6cbc3177d7f5782 100.0
2745191 1516346703224 1516349448415 18a84ec0bfe14cab2cc6db56e6cbc3177d7f5782 100.0
2732515 1516346703326 1516349435841 41d4783eaefce6b76f8a3363674c247a75ed4d39 100.0
2709348 1516346704191 1516349413539 c28cc1839d8a5a73a100e794553fc57b868e5f04 100.0
3489012 1516346708717 1516350197729 5983cfe6df033c6a2e98638bd4800005a9c61e3b 100.0
2730159 1516346710155 1516349440314 24b602058d391f057662cb5fb212cd0f57980d9e 100.0
2791096 1516346710274 1516349501370 38a4f200e26f790f0be657eccab85e31f30c72a2 100.0
2724569 1516346713187 1516349437756 a7a79408a5415c89c3007d458fd0f776da6a6c37 100.0
2878179 1516346713257 1516349591436 38eab0238b8bd8ce80c95c388e43d0e19c83240c 100.0
2785943 1516346713561 1516349499504 aeadddd7a8c20e12f4f683f862af70f992fedb41 100.0
2709018 1516346713890 1516349422908 249b14474b84c52440999aa84748cedbf01155dd 100.0
